chain 00        51.743279         7.539761       315.878553         0.006616
chain 05       109.204986        11.508203       929.873150        -0.000044
chain 10       179.377535        15.684426      1831.562011        -0.000451
chain 20       251.217516        18.735132      4848.265840        -0.000293
chain 50       328.873973        23.595926     14622.965545         0.004320
ring  00       372.410747         5.822746     22007.419611         0.007856
ring  05       379.739115         8.594679     22197.314574         0.007159
ring  10       392.540520        10.907372     22881.913737         0.006413
ring  20       410.943279        13.318756     23258.613926         0.005161
ring  50       434.289978        14.668577     23226.807372         0.003701
star  00         5.107049         0.526224        38.566208         0.000027
