   71515.6852491871        50945.2261243691        54627.9152790832     
   71615.2652517019        51010.4534769031        54676.8007971802     
   71627.1353702105        51100.3350048622        54792.0054772827     
   71719.2647671259        51190.8935128153        54823.7162073143     
   71750.4494175574        51279.6132251048        54931.7309064737     
   71848.1875418367        51342.4000207247        54993.1754969976     
   71895.3266799694        51419.4099150432        55087.2254163060     
   71980.7542669846        51506.6907059894        55129.9307702881     
   72091.7732391648        51552.5471596047        55197.3358526327     
   72209.2138845209        51643.1000020423        55211.8612291478     
   72312.3525248900        51680.9689492978        55288.6925904459     
   72374.0609101008        51789.1871436657        55324.8721500734     
   72475.1557938569        51842.0036197412        55389.6421781976     
   72574.6484291492        51909.6725954831        55442.1221485845     
   72662.2611706858        51978.3195319288        55492.5891408272     
   72729.8110525281        52096.2809309976        55516.4380977704     
   72800.6344929697        52168.6445141362        55580.9403032699     
   72819.8077673647        52257.4544291996        55677.4528628379     
   72892.4992488432        52353.1504462286        55717.3698541662     
   72912.4541861260        52451.2652936518        55815.1403010088     
   72975.1011310556        52569.2407401743        55833.9049242408     
   73035.2593145092        52664.4715510110        55908.0625471961     
   73118.6268746548        52755.9300544400        55944.0447074677     
   73168.1361850197        52838.8669608500        56038.6669965324     
   73286.6996003951        52937.9224534276        56040.1391796866     
   73374.0757281895        53026.9460659772        56074.3069551015     
   73484.8237227380        53124.3499907671        56094.0833704468     
   73602.5596541325        53173.7927016016        56144.6645318807     
   73706.2963554192        53261.1855264462        56174.4512354521     
   73802.6837037021        53299.0683245235        56261.1000065838     
   73881.5619562357        53376.2042347536        56317.7958428299     
   73935.8350494557        53453.8989828513        56393.7898941529     
   74044.4707987123        53503.3472169775        56460.9260636390     
   74073.3521109367        53598.3300165420        56550.0042882422     
   74189.8065332040        53618.8797322695        56630.6153373852     
   74257.1545235739        53715.5574462125        56668.2919455527     
   74294.7754973749        53784.6132169439        56780.3057530654     
   74306.2656684359        53908.5204162069        56866.3603334698     
   74329.2255924488        54010.8057803023        56968.2770039962     
   74348.5460731436        54089.4156811914        57087.0393839617     
   74360.3897324745        54164.3035533889        57218.5290370563     
   74397.4665399674        54241.6927531389        57332.4568709063     
   74427.2860717359        54343.0318483738        57421.5184940237     
   74496.4984043920        54418.0074986828        57512.4670533363     
   74535.8929216927        54492.9075161653        57602.3117494219     
   74591.7641711112        54550.6464314905        57708.4045715228     
   74703.0845236348        54630.4758824591        57725.4038978426     
   74772.3420251075        54692.3805386398        57821.1126909189     
   74884.2964204184        54776.7082361975        57839.8797441390     
   75030.7599325527        54813.4350339080        57867.3292022774     
   75083.1660221762        54866.5066360141        57976.2268057522     
   75207.8479537105        54948.7075110437        57990.6808967976     
   75279.1149189298        54960.6618591283        58127.9952892041     
   75365.2699891783        55081.7053443672        58136.8424552064     
   75464.4174135949        55106.8604419696        58240.1384673154     
   75575.5694620451        55179.5868007854        58274.7823028655     
   75639.8223247702        55249.2229568837        58352.7187620204     
   75679.1725598037        55337.1437257913        58423.2043348650     
   75771.7220432063        55410.2425647910        58480.2395905379     
   75802.0386157901        55497.9327138543        58587.7134877845     
   75900.9099211912        55554.7816896192        58639.6976658991     
   75913.0995036459        55642.5857573732        58770.1038389186     
   75969.0021624142        55760.1606707133        58799.1265345983     
   75980.0603828543        55867.2512778145        58888.3039090244     
   76101.8826324262        55943.4943846001        58891.9128464248     
   76108.0433496891        56047.4050109906        59008.7826848692     
   76222.5944013213        56091.1413574522        59061.8406094268     
   76256.0886475295        56182.9911239174        59139.8723696063     
   76378.5136066710        56263.9412790988        59151.0689508603     
   76399.1060270871        56372.1540927453        59228.2936814498     
   76492.4515274484        56470.8690135833        59246.5691728732     
   76545.6521754467        56587.4855557932        59292.6868102838     
   76601.2031110063        56675.8241389352        59365.7108393640     
   76660.1791515011        56763.9140373541        59424.1336933570     
   76760.0375077694        56800.2497451967        59514.7637584671     
   76840.3077353175        56866.6285236581        59578.8706381832     
   76924.5841257201        56892.5190038259        59676.0885285514     
   76984.6746664885        56935.4860075962        59798.7808252342     
   77077.8815274579        56945.2891826734        59917.0193890971     
   77127.1706352239        57016.4011695480        59997.6702064602     
   77246.4355616370        57024.6874448126        60076.2096594383     
   77287.4980807885        57136.7870605913        60142.7933716570     
   77378.1061922265        57152.2156466323        60245.6027472839     
   77445.3352160677        57203.0072847582        60346.2583126581     
   77536.1661150310        57250.8566842218        60433.1703354596     
   77627.1889117908        57340.9463031598        60480.8138976173     
   77742.0355599448        57386.2065995951        60543.3604085399     
   77826.6798531565        57442.7980537197        60624.5168806644     
   77896.7416883641        57502.9688967849        60720.0406445312     
   78018.6178874456        57550.6426965049        60758.0606884808     
   78106.2602700258        57607.0047013805        60827.5468322016     
   78192.0077334671        57663.2826114127        60912.4669193649     
   78296.4598294456        57718.7465258209        60962.5526836376     
   78380.9847594552        57775.3854503192        61032.2805965031     
   78456.8599204310        57899.1080222092        61054.8750560634     
   78544.7859088741        57992.1526562376        61104.3299809256     
   78639.1399780996        58082.5881899949        61113.3024614666     
   78666.0343486859        58203.7077751610        61182.0337048405     
   78746.4262234741        58265.4547180528        61237.9595268628     
   78805.2898283978        58327.7036698836        61345.5803089102     
