   61484.8824599445        41479.0477690119        44251.0318526914     
   61523.2086260672        41500.1937353763        44317.6868813444     
   61542.5302054042        41558.9544392794        44371.1786485285     
   61567.1776363140        41576.1519639239        44413.1361886604     
   61602.1887080639        41594.8682751627        44466.7103088294     
   61641.3237930868        41663.7737265307        44510.8880379598     
   61725.4822934479        41669.0238620497        44599.8176050153     
   61731.9092537133        41739.6072255365        44654.8898478305     
   61761.7673767166        41768.7048142722        44704.7717206065     
   61803.8525340047        41794.2360064734        44717.5436684891     
   61860.1895255976        41819.0883101813        44730.9566323382     
   61922.4441778969        41850.5708769649        44747.4310832669     
   61953.5221001095        41917.1100588922        44770.1683109075     
   62010.9780484985        41977.1634549119        44795.7724353487     
   62051.5383062379        42018.9983092189        44819.4085553058     
   62070.8198970640        42084.2369348675        44844.4447912495     
   62105.3086879628        42099.2928478232        44871.5589422816     
   62135.7801238922        42119.7097401695        44925.8318727010     
   62254.4481616075        42140.7794841832        44930.8356906529     
   62261.2844310629        42247.9822884841        44968.6036587921     
   62310.2997738557        42263.7392559370        45043.9439192788     
   62383.5557280753        42308.5721364051        45088.5321383486     
   62448.3915279528        42346.8722823016        45110.3850917686     
   62483.7444345305        42364.5404056986        45150.5679661393     
   62515.2076463977        42421.9105288851        45164.7956928039     
   62575.3422723976        42471.8894071431        45202.9341732738     
   62614.3351638067        42492.3583197069        45257.1466139965     
   62697.3921081973        42515.5878234357        45287.8693087858     
   62750.5654549353        42543.4546677617        45312.6494141648     
   62836.6877536385        42587.5398801767        45317.7373105314     
   62885.0412191278        42628.0284596614        45351.0263830502     
   62970.1543775447        42642.5817302763        45367.4684304720     
   63016.6640525593        42669.7773593551        45447.8146826339     
   63081.3277678109        42681.2951978963        45492.3696659801     
   63114.0425918324        42701.3553862740        45518.1594158176     
   63167.7649707709        42733.9038066127        45558.5459455135     
   63259.0428544223        42747.2521228200        45585.8589276934     
   63283.0280814365        42775.0915515255        45608.6039311858     
   63346.1686768542        42793.5259626131        45656.8711200565     
   63396.7072217348        42837.7359374092        45707.9072274876     
   63428.3585365360        42862.4369398151        45785.4363621169     
   63492.2420677630        42890.7699496843        45804.8669359997     
   63541.5959997336        42935.6811616474        45819.3085450607     
   63551.2116853312        42968.3526039974        45879.5512203485     
   63600.7409870711        43011.3794894500        45893.9001469812     
   63664.9780057511        43041.4127727251        45954.7845042041     
   63709.5765562402        43076.4052578398        46016.3115563793     
   63783.5802966817        43128.2761714842        46045.9522660389     
   63881.1935169594        43153.4168137677        46080.2039384568     
   63928.8679265363        43194.0099187704        46154.1077814373     
   63941.4214277820        43265.4596215362        46220.6444496906     
   63999.0389212405        43293.5302777183        46238.3961438810     
   64006.4276704847        43323.0614154104        46341.1168118748     
   64059.9727177152        43355.5506811985        46378.6013171020     
   64100.8879507272        43400.6525579803        46435.3444461104     
   64132.7267815357        43455.0334831779        46465.6731003576     
   64143.0987064515        43506.3551292140        46487.7404988909     
   64203.9165622787        43538.2565439146        46518.2670654622     
   64228.8585795776        43565.7561555724        46552.5684886626     
   64257.7813234457        43587.4178091142        46580.1686188694     
   64294.4703386657        43652.7788512854        46599.6270013403     
   64316.1240314068        43671.3754151766        46646.2819507210     
   64360.6209533224        43753.9892982453        46653.0325872247     
   64379.9698910867        43781.4360274371        46707.5562385018     
   64436.4358277757        43798.1865084668        46774.9002112571     
   64488.5506806446        43816.3477598290        46809.1160316552     
   64543.1327644255        43834.6284351192        46830.3564188091     
   64614.0591977713        43839.6435432560        46906.9557928900     
   64636.5047596224        43853.6062589180        46964.6604207274     
   64664.8913290688        43861.9300760248        47003.1563168193     
   64692.6759683544        43880.7557537105        47026.6011203640     
   64718.9049110667        43940.7655237326        47051.0957117512     
   64779.0612127388        43995.0030877331        47072.2568576053     
   64796.2302176911        44048.8282228100        47111.7287353423     
   64840.3546080524        44082.5058092153        47122.8118730359     
   64881.3879302298        44174.8424163713        47138.6359956763     
   64932.5273490207        44221.8220156950        47163.7798611110     
   64952.9973952018        44297.4003518985        47188.5759725670     
   64966.8943433777        44343.8113863299        47237.0933055832     
   65013.1778329458        44402.6778523445        47276.1606007759     
   65078.1011714409        44479.9272831545        47295.5039941792     
   65124.3375183015        44530.2528133112        47314.0912695063     
   65149.7919084753        44575.8203094319        47330.6656689821     
   65251.5464051246        44608.0373500352        47345.5488650500     
   65307.0853658696        44696.9304799828        47353.6076944579     
   65337.0949829242        44740.8472787063        47360.9719144069     
   65365.6421392071        44837.7069526237        47392.7073647116     
   65442.3663576365        44854.1931888038        47409.8060293574     
   65458.2861740624        44893.1790397892        47461.2209534463     
   65477.7609255256        44975.5953377584        47476.5972820049     
   65490.2392526446        45001.1840784094        47525.5120272060     
   65507.2783418697        45041.0020314554        47570.2974870283     
   65522.3861565171        45056.5295030730        47596.6551499158     
   65554.9809006819        45074.4557836081        47674.7916853844     
   65570.0310057086        45126.9523016953        47752.4824734743     
   65581.0709859332        45149.9041989483        47825.9954798818     
   65594.2540179534        45232.5040840612        47879.4150858161     
   65618.2970257495        45252.0828497835        47948.5997170466     
   65658.6448108717        45314.5652388605        47972.4007327746     
   65715.5561976257        45332.1896242435        48026.1174030672     
