  1       400.146389        12.251975     22936.244844         0.005787     44771.170262     46682.754862     68663.207406
  2       400.375580        13.545201     22949.534902         0.005784     44863.515484     46703.864575     68733.224932
  3       400.622149        14.053509     22928.078433         0.005745     44930.401864     46782.949913     68784.754322
  4       400.844161        13.339226     22980.986639         0.005765     44965.075185     46831.627759     68879.338111
  5       401.052615        12.929004     22948.324089         0.005716     45000.455652     46929.461757     68913.282793
  6       401.297541        14.018411     22941.186276         0.005690     45066.278744     46999.407768     68974.029532
  7       401.532776        13.742412     22879.219613         0.005620     45130.436869     47102.463341     68995.669718
  8       401.773926        13.918242     22882.911156         0.005604     45202.364545     47157.219617     69062.703236
  9       401.959336        12.207401     22905.336658         0.005608     45263.228762     47180.752152     69127.327115
 10       402.187013        13.530920     22961.370020         0.005637     45339.190873     47189.491656     69225.711285
 11       402.421837        13.745571     23020.757262         0.005657     45359.784070     47255.267439     69328.283017
 12       402.633719        13.060519     23055.762636         0.005669     45423.860327     47281.572379     69408.478989
 13       402.831219        12.612662     23086.749556         0.005671     45444.009829     47346.817763     69482.163352
 14       403.057714        13.510356     23118.918531         0.005679     45510.538946     47380.529144     69564.452576
 15       403.302962        14.062657     23060.861620         0.005620     45621.119065     47440.492519     69591.667412
 16       403.521999        13.293774     23108.019180         0.005642     45693.575536     47454.413953     69682.013924
 17       403.751556        13.613060     23103.169413         0.005615     45734.777833     47539.988435     69740.552547
 18       403.980004        13.584001     23092.943904         0.005590     45811.169952     47593.430039     69795.243900
 19       404.151525        11.773338     23053.292110         0.005551     45895.458272     47627.983901     69815.013196
 20       404.283432        10.326567     23020.597691         0.005518     45947.289639     47669.040807     69828.762914
 21       404.528010        14.064753     23024.310275         0.005503     46029.556387     47716.177190     69897.177064
 22       404.743822        13.215565     23051.489885         0.005505     46075.790366     47768.257579     69973.513857
 23       404.934470        12.424289     23008.763396         0.005464     46174.375538     47801.065371     69996.483850
 24       405.132828        12.676095     23025.470734         0.005457     46204.826439     47866.598493     70061.183199
 25       405.328076        12.579402     22983.408503         0.005419     46320.279095     47884.681563     70085.888832
 26       405.559657        13.703502     22969.792350         0.005386     46357.110344     47982.118393     70139.406718
 27       405.807268        14.174023     22893.077518         0.005312     46445.250386     48079.056860     70155.231142
 28       406.061759        14.374055     22901.709028         0.005296     46498.160735     48158.134472     70229.856631
 29       406.228480        11.637286     22879.078280         0.005268     46559.433575     48202.233080     70259.911607
 30       406.443155        13.208332     22909.671378         0.005268     46579.565849     48278.012091     70338.460348
 31       406.630946        12.356708     22944.676212         0.005279     46622.223964     48313.809577     70412.692983
 32       406.812061        12.137827     22916.908056         0.005247     46693.311618     48359.451928     70443.289829
 33       407.049191        13.892117     22968.000926         0.005263     46732.021250     48415.340987     70541.682045
 34       407.275313        13.569687     22951.169242         0.005232     46788.157842     48493.183118     70591.839721
 35       407.462098        12.336164     23009.719772         0.005256     46807.966692     48535.794550     70681.600393
 36       407.669355        12.997733     23019.002781         0.005245     46849.221771     48600.978170     70744.102752
 37       407.882072        13.171253     23062.326685         0.005258     46888.919489     48648.052455     70830.812657
 38       408.130282        14.231741     23102.931117         0.005273     46980.572742     48664.357889     70925.396433
 39       408.366043        13.874360     23184.221477         0.005314     47040.225914     48678.843053     71043.755960
 40       408.613822        14.227807     23181.882317         0.005301     47167.425802     48688.156264     71109.673350
 41       408.855831        14.065374     23221.112039         0.005306     47194.975984     48766.342772     71201.771417
 42       409.065063        13.081869     23211.090566         0.005283     47260.046416     48822.043512     71252.135530
 43       409.269989        12.949847     23260.069691         0.005297     47272.130598     48889.105611     71340.687796
 44       409.513743        14.127338     23292.395720         0.005295     47287.097505     48985.642465     71428.765706
 45       409.738413        13.566930     23365.806800         0.005324     47299.634116     49046.872862     71539.060289
 46       409.962598        13.555965     23404.571902         0.005335     47359.637921     49083.535105     71626.158414
 47       410.206592        14.146260     23349.954860         0.005268     47379.484347     49233.511158     71656.452612
 48       410.429624        13.528799     23401.313665         0.005282     47399.171386     49301.603844     71751.701281
 49       410.664382        13.883727     23447.734658         0.005296     47449.861838     49348.471307     71846.901230
 50       410.889352        13.595030     23407.064537         0.005251     47523.996976     49424.666144     71881.396097
 51       411.080483        12.534123     23445.220410         0.005259     47545.219313     49482.742710     71959.201421
 52       411.314159        13.862668     23437.800718         0.005232     47585.662302     49575.361885     72018.312812
 53       411.487813        11.953375     23436.671285         0.005215     47617.723715     49639.308872     72065.187578
 54       411.735240        14.271919     23485.254066         0.005223     47638.034186     49722.401653     72165.471986
 55       411.937006        12.891443     23415.795513         0.005159     47703.045905     49814.488500     72174.562716
 56       412.144526        13.077200     23427.934035         0.005149     47744.283762     49879.167075     72239.659454
 57       412.371531        13.680993     23456.517994         0.005155     47817.362790     49911.811783     72321.105280
 58       412.575437        12.969629     23429.518715         0.005116     47849.427995     50009.886939     72359.176183
 59       412.793848        13.426452     23450.091069         0.005110     47886.013516     50079.766263     72432.980959
 60       413.013441        13.466328     23377.690518         0.005052     48004.134432     50130.807038     72445.161253
 61       413.256784        14.179790     23420.732811         0.005061     48048.392426     50191.898472     72540.878260
 62       413.469194        13.251600     23478.976655         0.005082     48076.678234     50241.853366     72638.242455
 63       413.666096        12.761850     23458.527948         0.005057     48156.396264     50284.344351     72678.898255
 64       413.899093        13.885969     23464.395797         0.005042     48204.561076     50360.814398     72747.083534
 65       414.115138        13.374916     23538.308648         0.005075     48246.694243     50388.664925     72855.988232
 66       414.304062        12.510334     23593.683343         0.005093     48256.178798     50446.602876     72945.074180
 67       414.539196        13.960257     23568.623983         0.005057     48315.786583     50533.627186     72993.330867
 68       414.785440        14.290446     23657.119655         0.005093     48332.850624     50593.710585     73120.400260
 69       415.025547        14.115351     23698.901721         0.005112     48434.968766     50596.566490     73214.669349
 70       415.218672        12.662574     23678.390981         0.005086     48504.735892     50647.367052     73254.442452
 71       415.400962        12.305018     23639.384481         0.005048     48574.438921     50704.610663     73278.909273
 72       415.607050        13.086665     23709.456313         0.005082     48626.820687     50719.688203     73382.710758
 73       415.837590        13.844899     23651.288502         0.005033     48744.117477     50768.957431     73407.825956
 74       416.080062        14.202725     23605.537214         0.004993     48866.785246     50811.268783     73444.564228
 75       416.287658        13.145197     23579.224517         0.004960     48927.110395     50883.682899     73484.621164
 76       416.519752        13.902861     23579.414638         0.004936     48946.861254     50992.664981     73549.177756
 77       416.723642        13.034172     23573.721219         0.004922     49031.225691     51025.355910     73602.012019
 78       416.932198        13.185761     23623.795279         0.004937     49055.746632     51083.361798     73693.349494
 79       417.163493        13.889633     23551.548173         0.004874     49142.232365     51173.655408     73709.492059
 80       417.379747        13.434048     23560.147403         0.004861     49179.847005     51250.623706     73775.382758
 81       417.610567        13.882790     23497.110463         0.004809     49285.323929     51315.659319     73797.602087
 82       417.840266        13.852884     23493.606014         0.004792     49351.904412     51379.350060     73859.233251
 83       418.059958        13.551420     23419.466657         0.004731     49437.539810     51465.568219     73871.020671
 84       418.263410        13.044214     23387.514874         0.004696     49496.257086     51541.586479     73906.436656
 85       418.428756        11.761940     23326.476947         0.004655     49608.964454     51561.799877     73911.859113
 86       418.669994        14.210570     23404.964610         0.004683     49626.016427     51627.049668     74031.497658
 87       418.868132        12.882092     23379.503558         0.004661     49732.097007     51648.575316     74069.839719
 88       419.097372        13.859837     23456.999088         0.004689     49748.748571     51708.323446     74185.535097
 89       419.333697        14.076307     23388.786701         0.004634     49852.156959     51782.484934     74206.107647
 90       419.558961        13.746707     23358.633809         0.004599     49908.970364     51871.754758     74248.996370
 91       419.744831        12.490078     23339.321057         0.004571     49937.019212     51960.582438     74288.121882
 92       419.920511        12.145450     23347.127964         0.004562     49974.346317     52016.392033     74342.497139
 93       420.159918        14.181707     23308.891188         0.004522     50043.214333     52107.095738     74384.046223
 94       420.383687        13.714529     23273.548759         0.004482     50085.250975     52214.012927     74423.180709
 95       420.613042        13.888352     23221.802793         0.004435     50149.086508     52313.265585     74452.978840
 96       420.814853        13.031101     23238.594157         0.004427     50173.628273     52390.735965     74520.776276
 97       421.020092        13.144485     23194.716548         0.004388     50241.654165     52467.146798     74549.117029
 98       421.236251        13.493013     23118.527120         0.004335     50348.425107     52532.543077     74559.011212
 99       421.440858        13.130794     23183.849080         0.004360     50391.152210     52561.213175     74660.031773
100       421.616150        12.156528     23145.288683         0.004320     50408.414286     52668.178807     74683.585229
