  1        13.422297        13.422297         8.895115        -0.000300        52.645052        61.530241        65.982762
  2        12.827591        12.827591         8.105359        -0.000215        48.422008        55.872476        60.252601
  3        13.239315        13.239315        10.325597         0.000328        53.449358        56.519876        65.310215
  4        13.111147        13.111147         8.349998        -0.000481        49.618571        59.416220        62.867393
  5        13.161574        13.161574        12.987456         0.000821        52.715262        54.111113        66.400643
  6        12.864518        12.864518        21.307114         0.004183        47.059949        49.065851        69.370015
  7        13.300371        13.300371        10.747753        -0.000107        51.398153        59.369925        66.131792
  8        13.226687        13.226687        10.401619         0.000112        51.880336        57.815419        65.249497
  9        13.029524        13.029524        11.952710         0.000429        50.134036        55.076488        64.557973
 10        13.139203        13.139203        14.197084        -0.000364        47.362551        58.265172        67.010946
 11        13.310355        13.310355         6.324573        -0.000148        53.533203        60.360783        63.271565
 12        13.138350        13.138350         6.586457        -0.000026        52.905195        57.781330        61.929720
 13        12.981919        12.981919        16.462706         0.000058        45.288281        56.090055        67.151874
 14        12.967280        12.967280         7.092217        -0.000474        48.865880        58.506217        60.778265
 15        13.568561        13.568561        11.870722        -0.000009        53.423072        61.400339        69.282427
 16        13.126621        13.126621        13.880178         0.000036        48.263866        57.354809        66.689515
 17        13.107303        13.107303        11.285754        -0.000769        47.730734        59.279691        64.790966
 18        13.407326        13.407326        16.408207         0.001244        52.116883        56.781905        70.857601
 19        13.187397        13.187397         8.209447        -0.000303        50.956338        59.508992        63.442112
 20        13.025283        13.025283         9.594518        -0.000428        48.630012        58.078969        62.949008
 21        13.207645        13.207645        12.791069         0.000334        50.645700        57.121504        66.674671
 22        13.200973        13.200973        16.519718         0.001634        51.466632        53.697341        69.101704
 23        12.835520        12.835520        10.694031        -0.000823        45.709818        56.994540        62.046210
 24        13.389939        13.389939        14.673881        -0.000861        48.336870        61.407523        69.546077
 25        13.199246        13.199246         7.940394         0.000107        53.682844        57.170298        63.366965
 26        12.911189        12.911189         8.256457        -0.000272        48.806195        56.822043        61.070576
 27        13.414066        13.414066        12.160485         0.000548        54.568788        57.282343        68.086050
 28        13.283113        13.283113        10.934057        -0.000619        49.639692        60.698336        66.103072
 29        12.850311        12.850311         6.755274        -0.000074        49.993980        55.589494        59.547011
 30        13.013599        13.013599        26.479820         0.004931        42.365068        52.884231        74.104470
 31        12.792056        12.792056        11.883047         0.000203        47.189153        53.979939        62.467593
 32        13.258801        13.258801        14.331166         0.000982        52.357220        55.285872        68.152712
 33        13.238140        13.238140        11.228991         0.000156        51.533552        57.812685        65.902109
 34        13.342848        13.342848        15.962599         0.000480        49.676222        58.369770        69.985595
 35        12.864552        12.864552         7.137992         0.000058        50.889420        54.683046        59.924225
 36        13.022801        13.022801        12.436475         0.000052        48.379443        56.391813        64.822103
 37        13.445911        13.445911        19.745730        -0.000461        46.541641        60.822893        73.427997
 38        13.227076        13.227076        17.014151        -0.001248        45.299987        59.994274        69.661282
 39        13.137777        13.137777        10.690189        -0.000135        49.932428        58.008235        64.660520
 40        13.186813        13.186813        21.541859         0.003355        48.321666        53.245115        72.325250
 41        13.171043        13.171043        10.107082         0.000377        53.721413        55.191456        64.563517
 42        13.101149        13.101149        12.600355        -0.000178        48.364402        57.662093        65.613602
 43        13.172487        13.172487        12.265136        -0.003463        43.817400        63.682114        66.014894
 44        13.298495        13.298495        18.488724         0.001228        48.594231        56.979939        71.275809
 45        13.163788        13.163788         6.445459        -0.000551        50.198780        61.027796        62.058747
 46        13.210695        13.210695        13.168183         0.000094        49.642206        57.927306        66.952939
 47        12.762990        12.762990        18.354845         0.001406        43.816641        52.542730        66.534531
 48        12.872777        12.872777        11.903884         0.000197        47.867743        54.668597        63.172054
 49        13.514921        13.514921         6.390253         0.000071        57.887373        59.621178        65.144529
 50        13.439188        13.439188        14.179184         0.000918        54.410112        56.544944        69.656712
 51        13.345963        13.345963        13.745627        -0.000301        49.510196        60.069200        68.535325
 52        13.198073        13.198073         8.346053        -0.000193        51.467139        59.094916        63.627081
 53        13.189452        13.189452        13.380597        -0.000263        48.464289        58.589750        66.907616
 54        13.247104        13.247104        18.003148         0.001612        49.473552        55.514866        70.497357
 55        13.215766        13.215766         6.530397        -0.000070        53.228595        58.855462        62.572426
 56        12.985045        12.985045         8.367794        -0.000427        48.790580        58.038488        61.782328
 57        13.092424        13.092424        10.719596        -0.000511        48.454678        58.673310        64.283590
 58        13.197334        13.197334         8.754383        -0.000735        49.381342        60.895485        63.892796
 59        12.837478        12.837478        10.411416        -0.000841        45.794695        57.131589        61.874557
 60        13.215301        13.215301        11.975268        -0.000346        49.275054        59.170881        66.198235
 61        13.193338        13.193338        11.583243        -0.001414        47.041342        61.279278        65.743553
 62        12.843419        12.843419        13.299123         0.000210        46.587073        54.515787        63.850553
 63        12.949602        12.949602         8.933692        -0.000315        48.663999        57.174998        61.853191
 64        13.169354        13.169354        18.777461         0.000140        45.466946        57.636005        70.328937
 65        12.798878        12.798878        20.606063         0.002265        43.225249        52.244899        68.341137
 66        13.369285        13.369285         8.761629         0.000212        55.734465        57.582970        65.420347
 67        13.090914        13.090914        10.941750        -0.000107        49.472224        57.481300        64.418512
 68        13.200286        13.200286         9.481148        -0.000059        51.482507        58.361760        64.403281
 69        13.159416        13.159416        12.506223         0.000214        50.027264        57.082065        66.060888
 70        13.330953        13.330953        13.730796         0.000158        50.494180        58.828165        68.391969
 71        13.418136        13.418136        15.783919        -0.000229        49.062870        60.445433        70.538070
 72        13.017072        13.017072        13.990603        -0.000816        45.692893        57.942821        65.808460
 73        13.191206        13.191206         8.922368         0.000163        53.157454        56.899578        63.950884
 74        12.894681        12.894681        12.354518        -0.000310        46.472171        56.140017        63.660612
 75        13.220879        13.220879         5.114599        -0.000023        54.504096        58.613935        61.673614
 76        13.357008        13.357008        15.843419         0.000478        49.901471        58.476033        70.032171
 77        13.323571        13.323571         9.711881        -0.000030        52.553422        59.317013        65.647098
 78        13.411421        13.411421        11.053170        -0.000677        50.494857        62.047175        67.324186
 79        13.294412        13.294412        13.675475         0.000704        52.120019        56.590595        68.030783
 80        13.160417        13.160417         7.343466        -0.000552        50.023241        60.545494        62.627834
 81        12.957825        12.957825         7.786615        -0.000489        48.549221        58.196517        61.159484
 82        12.941755        12.941755         9.269243         0.000190        50.691627        54.788231        62.009172
 83        13.119361        13.119361        10.397086         0.000325        52.128203        55.685495        64.303935
 84        13.460157        13.460157        13.369857         0.000102        51.770298        60.100346        69.305179
 85        13.390818        13.390818        10.300002        -0.000386        51.459476        61.216533        66.638007
 86        12.952731        12.952731         9.443997         0.000179        50.556723        54.996113        62.220415
 87        13.182640        13.182640         7.603626         0.000104        53.829972        56.955604        62.996414
 88        13.224912        13.224912        11.535196         0.000466        52.790526        56.118205        65.989562
 89        13.084674        13.084674         7.529637        -0.000124        51.259607        57.859763        62.089322
 90        13.333231        13.333231        14.961638         0.000752        51.239924        57.302353        69.232777
 91        13.196612        13.196612        12.982139        -0.000733        47.781712        59.663914        66.704952
 92        13.072678        13.072678         2.524401        -0.000032        54.058807        58.188200        58.647905
 93        13.529498        13.529498         4.067414         0.000016        58.966163        60.353779        63.727385
 94        12.996119        12.996119        11.895527         0.000615        50.961979        53.707071        64.230052
 95        13.118797        13.118797        13.032877        -0.000451        47.667941        58.378696        66.056196
 96        12.945544        12.945544         8.033291         0.000117        51.350967        55.018237        61.217893
 97        13.227395        13.227395        12.483831         0.000583        52.307963        56.012131        66.643878
 98        13.358283        13.358283        12.021695         0.000040        51.600554        59.347469        67.495707
 99        13.137950        13.137950         6.221390        -0.000051        52.883859        58.039027        61.682834
100        13.249045        13.249045        15.035628        -0.001492        46.088187        60.912861        68.536152
