  1       285.275967        20.443818      6273.924817         0.000601     23809.789150     26262.512638     31310.075711
  2       286.086907        21.525356      6447.392902         0.000635     23860.897826     26404.652548     31580.168089
  3       287.204893        25.316640      6973.458992         0.000831     23872.109476     26470.018345     32144.522903
  4       288.226721        24.248543      7467.146425         0.001051     23894.269484     26510.727937     32669.645135
  5       289.368493        25.680385      8010.111989         0.001312     23904.568637     26578.106525     33251.449570
  6       290.339077        23.720346      8475.625295         0.001566     23919.090987     26628.345179     33749.343378
  7       291.298909        23.627846      8968.144521         0.001882     23948.984393     26642.289036     34263.781235
  8       292.441742        25.828625      9240.566006         0.002095     24158.214402     26696.189967     34667.768190
  9       293.621063        26.289849      9549.102072         0.002324     24343.006808     26766.477607     35103.844280
 10       294.779735        26.110603     10076.814299         0.002691     24362.113890     26850.071419     35682.906953
 11       295.701318        23.327609     10388.599316         0.002898     24406.744087     26960.369438     36072.156079
 12       296.713845        24.491550     10628.157511         0.002982     24420.561951     27186.736802     36431.806887
 13       297.688861        24.073887     10668.933557         0.002868     24481.755641     27484.727120     36652.174937
 14       298.856695        26.394441     10477.109475         0.002390     24500.241185     28058.568634     36756.514384
 15       299.813900        23.938476     10255.921741         0.001925     24516.241353     28572.060702     36800.072769
 16       300.491099        20.162488     10113.697525         0.001640     24551.808589     28902.326884     36840.765262
 17       301.270806        21.660980      9909.730198         0.001318     24630.881650     29272.030754     36861.186400
 18       302.031152        21.417704      9910.278970         0.001240     24729.960524     29478.398076     37014.458270
 19       302.956027        23.654544     10058.745358         0.001190     24759.559890     29722.846078     37299.948342
 20       303.724184        21.587624     10240.935160         0.001277     24842.711934     29828.917838     37576.750046
 21       304.253501        17.939146     10302.454749         0.001359     24976.719941     29868.438747     37725.034093
 22       304.990516        21.190137     10496.136436         0.001491     25080.774289     29934.611220     38003.829190
 23       305.611436        19.471387     10703.579537         0.001653     25169.261979     29960.584726     38268.502889
 24       306.416508        22.197447     11051.093603         0.001927     25256.904583     29969.750517     38664.421152
 25       307.172311        21.534910     11341.048429         0.002176     25361.105381     29981.414738     39012.308489
 26       307.884149        20.924156     11628.278153         0.002404     25431.994297     30010.919551     39349.735077
 27       308.675326        22.086380     11883.636923         0.002610     25532.608430     30065.271705     39682.576991
 28       309.622787        24.203576     12064.851465         0.002804     25743.138198     30124.474299     39998.657714
 29       310.363526        21.430071     12054.478897         0.002790     25933.097157     30247.595670     40144.825311
 30       311.268918        23.723852     12230.876708         0.002948     26111.506109     30326.802290     40450.030908
 31       312.316190        25.555105     12134.015345         0.002839     26395.871408     30542.386813     40603.144455
 32       313.371582        25.697195     12345.351915         0.002889     26468.658787     30768.938945     40964.150782
 33       314.223080        23.116996     12378.247698         0.002813     26578.724186     30993.206697     41164.213140
 34       315.109698        23.621549     12775.704774         0.003156     26671.902596     31007.041956     41615.177050
 35       316.138909        25.488977     13207.487199         0.003553     26800.205025     31024.009863     42119.594642
 36       317.223586        26.210571     13787.508071         0.004082     26859.264933     31036.265388     42735.273232
 37       318.169894        24.520969     14155.834851         0.004430     26968.816606     31082.014471     43181.250389
 38       319.139365        24.856650     14506.464203         0.004802     27126.868392     31102.111814     43620.954306
 39       320.060877        24.269945     14787.700150         0.005072     27264.267229     31169.909153     44004.788341
 40       320.821201        22.074381     14923.435942         0.005137     27360.975094     31307.562945     44257.704962
 41       321.630243        22.798465     14957.374652         0.005098     27522.376710     31470.048874     44453.587444
 42       322.312758        20.964276     14787.791187         0.004793     27671.584593     31726.897205     44487.032086
 43       323.005245        21.139401     14622.412630         0.004488     27807.395525     31999.254823     44525.737804
 44       323.534939        18.505903     14495.931351         0.004313     27964.595677     32154.687820     44555.573099
 45       324.082004        18.822556     14350.858361         0.004124     28131.613957     32320.577276     44576.953977
 46       324.829979        22.031122     14140.584473         0.003987     28504.374068     32411.579995     44598.561504
 47       325.756387        24.550120     13951.999790         0.003893     28960.236527     32483.246242     44673.741175
 48       326.677784        24.518368     13929.589013         0.003847     29222.768438     32636.421772     44859.184118
 49       327.506987        23.290602     13987.886366         0.003863     29415.733468     32766.226588     45078.866395
 50       328.110778        19.896134     13977.382030         0.003864     29631.161305     32821.705753     45203.815560
 51       328.750676        20.501807     13866.180030         0.003754     29861.582342     32945.635442     45269.788923
 52       329.687773        24.839911     13716.302503         0.003679     30329.227291     32989.256314     45375.544305
 53       330.520731        23.450500     13527.412212         0.003539     30728.646140     33082.381636     45432.926100
 54       331.397822        24.094862     13535.526702         0.003515     30980.281353     33212.378347     45631.856552
 55       332.274412        24.119886     13753.582182         0.003622     31064.649150     33370.486171     45971.149843
 56       333.240080        25.350852     13961.522726         0.003692     31120.619554     33604.332528     46323.998767
 57       334.172870        24.951071     14083.651828         0.003770     31377.590336     33680.979640     46612.936816
 58       335.190032        26.093122     14265.643981         0.003860     31559.171075     33831.971461     46961.215249
 59       336.071169        24.320221     14325.413932         0.003823     31671.708025     34073.903294     47198.219591
 60       336.995363        24.940804     14352.445389         0.003697     31683.508648     34458.777488     47423.588456
 61       337.932729        25.152630     14418.272287         0.003618     31732.310410     34787.861007     47678.357996
 62       338.855353        24.988409     14521.962661         0.003594     31815.974941     35051.349935     47955.625099
 63       339.733407        24.409788     14626.918733         0.003638     32008.233407     35186.345914     48224.208393
 64       340.639787        24.832980     14661.986120         0.003639     32260.775719     35321.543286     48453.145622
 65       341.466457        23.746082     14940.845855         0.003852     32438.080020     35334.250112     48827.010921
 66       342.306777        23.970571     14997.024563         0.003907     32752.842856     35365.093647     49055.992814
 67       343.153614        24.093017     15359.523654         0.004176     32887.328124     35375.924615     49491.150023
 68       343.989308        23.963331     15705.085210         0.004431     33008.274444     35407.431409     49912.938136
 69       344.663252        21.543283     16047.824239         0.004670     33018.939439     35477.682410     50296.135164
 70       345.519341        24.307565     16565.339015         0.005082     33052.358156     35493.159003     50838.097594
 71       346.330772        23.693640     16982.043268         0.005417     33111.331963     35530.641425     51303.029962
 72       347.165249        24.056327     17398.659869         0.005749     33152.605318     35597.428254     51773.676655
 73       348.145650        26.109073     17953.244752         0.006232     33202.427847     35632.338263     52370.627806
 74       348.906287        23.026138     18350.775572         0.006573     33230.783171     35692.431070     52812.382692
 75       349.676587        23.197390     18742.989623         0.006928     33289.267482     35731.216660     53253.231694
 76       350.457253        23.378844     19136.190855         0.007274     33311.176450     35811.553773     53697.555966
 77       351.403055        25.764727     19680.856335         0.007788     33318.362732     35883.804606     54281.940004
 78       352.229833        24.119452     19777.907297         0.007769     33425.655812     36099.642875     54540.556641
 79       353.167693        25.720883     19771.964774         0.007683     33741.325244     36228.977681     54757.116236
 80       353.967469        23.781292     19585.085390         0.007385     34045.390812     36426.531589     54821.046590
 81       354.869676        25.288691     19485.877812         0.007249     34526.822530     36437.583507     54968.080830
 82       355.742612        24.906202     19462.644811         0.007165     34900.364709     36493.075926     55159.365128
 83       356.554645        24.050137     19347.276377         0.006992     35349.576796     36506.382181     55275.255865
 84       357.443669        25.194476     19364.918554         0.006933     35708.469779     36558.902149     55498.604518
 85       358.192011        23.141751     19489.542935         0.006981     35851.855102     36689.461002     55760.200987
 86       358.727537        19.594091     19607.207692         0.007045     35937.039341     36781.785857     55966.620291
 87       359.485367        23.329890     19743.557778         0.007098     36038.807358     36951.973623     56238.948269
 88       360.427898        26.048805     20009.254932         0.007260     36089.805461     37176.204251     56642.259788
 89       361.294917        25.014940     20158.922704         0.007302     36161.248500     37422.147504     56950.620707
 90       362.049023        23.355473     20203.900966         0.007267     36364.385360     37552.677208     57162.432250
 91       362.892441        24.727094     20275.513456         0.007254     36606.548611     37670.391757     57413.983640
 92       363.746995        24.918923     20386.989798         0.007288     36887.974245     37728.617040     57695.285441
 93       364.612090        25.101784     20593.203799         0.007405     37022.005777     37877.175887     58042.794631
 94       365.447259        24.692573     20762.893402         0.007488     37178.437596     38014.099783     58359.162091
 95       366.393047        26.309033     20914.741041         0.007523     37267.458779     38285.290304     58691.115582
 96       367.235423        24.859434     21172.252373         0.007683     37296.064409     38497.004755     59068.786955
 97       367.983408        23.450634     21377.748043         0.007795     37317.350911     38705.342634     59389.094815
 98       368.600480        21.319598     21505.522535         0.007838     37344.670882     38895.856507     59625.786230
 99       369.379523        23.977458     21749.314791         0.007991     37386.186817     39075.091382     59979.953890
100       370.136597        23.661538     21978.698067         0.008125     37413.161094     39268.440511     60319.498869
