 -9.255963134931783E+061 -9.255963134931783E+061 -9.255963134931783E+061
 -9.255963134931783E+061 -9.255963134931783E+061 -9.255963134931783E+061
 -9.255963134931783E+061 -9.255963134931783E+061 -9.255963134931783E+061
 -9.255963134931783E+061 -9.255963134931783E+061 -9.255963134931783E+061
 -9.255963134931783E+061 -9.255963134931783E+061 -9.255963134931783E+061
 -9.255963134931783E+061 -9.255963134931783E+061 -9.255963134931783E+061
 -9.255963134931783E+061 -9.255963134931783E+061 -9.255963134931783E+061
 -9.255963134931783E+061 -9.255963134931783E+061 -9.255963134931783E+061
 -9.255963134931783E+061 -9.255963134931783E+061 -9.255963134931783E+061
 -9.255963134931783E+061 -9.255963134931783E+061 -9.255963134931783E+061
 -9.255963134931783E+061 -9.255963134931783E+061 -9.255963134931783E+061
 -9.255963134931783E+061 -9.255963134931783E+061 -9.255963134931783E+061
 -9.255963134931783E+061 -9.255963134931783E+061 -9.255963134931783E+061
 -9.255963134931783E+061 -9.255963134931783E+061 -9.255963134931783E+061
 -9.255963134931783E+061 -9.255963134931783E+061 -9.255963134931783E+061
 -9.255963134931783E+061 -9.255963134931783E+061 -9.255963134931783E+061
 -9.255963134931783E+061 -9.255963134931783E+061 -9.255963134931783E+061
 -9.255963134931783E+061 -9.255963134931783E+061 -9.255963134931783E+061
 -9.255963134931783E+061 -9.255963134931783E+061 -9.255963134931783E+061
 -9.255963134931783E+061 -9.255963134931783E+061 -9.255963134931783E+061
 -9.255963134931783E+061 -9.255963134931783E+061 -9.255963134931783E+061
 -9.255963134931783E+061 -9.255963134931783E+061 -9.255963134931783E+061
 -9.255963134931783E+061 -9.255963134931783E+061 -9.255963134931783E+061
 -9.255963134931783E+061 -9.255963134931783E+061 -9.255963134931783E+061
 -9.255963134931783E+061 -9.255963134931783E+061 -9.255963134931783E+061
 -9.255963134931783E+061 -9.255963134931783E+061 -9.255963134931783E+061
 -9.255963134931783E+061 -9.255963134931783E+061 -9.255963134931783E+061
 -9.255963134931783E+061 -9.255963134931783E+061 -9.255963134931783E+061
 -9.255963134931783E+061 -9.255963134931783E+061 -9.255963134931783E+061
 -9.255963134931783E+061 -9.255963134931783E+061 -9.255963134931783E+061
 -9.255963134931783E+061 -9.255963134931783E+061 -9.255963134931783E+061
 -9.255963134931783E+061 -9.255963134931783E+061 -9.255963134931783E+061
 -9.255963134931783E+061 -9.255963134931783E+061 -9.255963134931783E+061
 -9.255963134931783E+061 -9.255963134931783E+061 -9.255963134931783E+061
 -9.255963134931783E+061 -9.255963134931783E+061 -9.255963134931783E+061
 -9.255963134931783E+061 -9.255963134931783E+061 -9.255963134931783E+061
 -9.255963134931783E+061 -9.255963134931783E+061 -9.255963134931783E+061
 -9.255963134931783E+061 -9.255963134931783E+061 -9.255963134931783E+061
 -9.255963134931783E+061 -9.255963134931783E+061 -9.255963134931783E+061
 -9.255963134931783E+061 -9.255963134931783E+061 -9.255963134931783E+061
 -9.255963134931783E+061 -9.255963134931783E+061 -9.255963134931783E+061
 -9.255963134931783E+061 -9.255963134931783E+061 -9.255963134931783E+061
 -9.255963134931783E+061 -9.255963134931783E+061 -9.255963134931783E+061
 -9.255963134931783E+061 -9.255963134931783E+061 -9.255963134931783E+061
 -9.255963134931783E+061 -9.255963134931783E+061 -9.255963134931783E+061
 -9.255963134931783E+061 -9.255963134931783E+061 -9.255963134931783E+061
 -9.255963134931783E+061 -9.255963134931783E+061 -9.255963134931783E+061
 -9.255963134931783E+061 -9.255963134931783E+061 -9.255963134931783E+061
 -9.255963134931783E+061 -9.255963134931783E+061 -9.255963134931783E+061
 -9.255963134931783E+061 -9.255963134931783E+061 -9.255963134931783E+061
 -9.255963134931783E+061 -9.255963134931783E+061 -9.255963134931783E+061
 -9.255963134931783E+061 -9.255963134931783E+061 -9.255963134931783E+061
 -9.255963134931783E+061 -9.255963134931783E+061 -9.255963134931783E+061
 -9.255963134931783E+061 -9.255963134931783E+061 -9.255963134931783E+061
 -9.255963134931783E+061 -9.255963134931783E+061 -9.255963134931783E+061
 -9.255963134931783E+061 -9.255963134931783E+061 -9.255963134931783E+061
 -9.255963134931783E+061 -9.255963134931783E+061 -9.255963134931783E+061
 -9.255963134931783E+061 -9.255963134931783E+061 -9.255963134931783E+061
 -9.255963134931783E+061 -9.255963134931783E+061 -9.255963134931783E+061
 -9.255963134931783E+061 -9.255963134931783E+061 -9.255963134931783E+061
 -9.255963134931783E+061 -9.255963134931783E+061 -9.255963134931783E+061
 -9.255963134931783E+061 -9.255963134931783E+061 -9.255963134931783E+061
 -9.255963134931783E+061 -9.255963134931783E+061 -9.255963134931783E+061
 -9.255963134931783E+061 -9.255963134931783E+061 -9.255963134931783E+061
 -9.255963134931783E+061 -9.255963134931783E+061 -9.255963134931783E+061
 -9.255963134931783E+061 -9.255963134931783E+061 -9.255963134931783E+061
 -9.255963134931783E+061 -9.255963134931783E+061 -9.255963134931783E+061
 -9.255963134931783E+061 -9.255963134931783E+061 -9.255963134931783E+061
 -9.255963134931783E+061 -9.255963134931783E+061 -9.255963134931783E+061
 -9.255963134931783E+061 -9.255963134931783E+061 -9.255963134931783E+061
 -9.255963134931783E+061 -9.255963134931783E+061 -9.255963134931783E+061
 -9.255963134931783E+061 -9.255963134931783E+061 -9.255963134931783E+061
 -9.255963134931783E+061 -9.255963134931783E+061 -9.255963134931783E+061
 -9.255963134931783E+061 -9.255963134931783E+061 -9.255963134931783E+061
 -9.255963134931783E+061 -9.255963134931783E+061 -9.255963134931783E+061
 -9.255963134931783E+061 -9.255963134931783E+061 -9.255963134931783E+061
 -9.255963134931783E+061 -9.255963134931783E+061 -9.255963134931783E+061
 -9.255963134931783E+061 -9.255963134931783E+061 -9.255963134931783E+061
 -9.255963134931783E+061 -9.255963134931783E+061 -9.255963134931783E+061
 -9.255963134931783E+061 -9.255963134931783E+061 -9.255963134931783E+061
 -9.255963134931783E+061 -9.255963134931783E+061 -9.255963134931783E+061
 -9.255963134931783E+061 -9.255963134931783E+061 -9.255963134931783E+061
 -9.255963134931783E+061 -9.255963134931783E+061 -9.255963134931783E+061
 -9.255963134931783E+061 -9.255963134931783E+061 -9.255963134931783E+061
 -9.255963134931783E+061 -9.255963134931783E+061 -9.255963134931783E+061
 -9.255963134931783E+061 -9.255963134931783E+061 -9.255963134931783E+061
 -9.255963134931783E+061 -9.255963134931783E+061 -9.255963134931783E+061
 -9.255963134931783E+061 -9.255963134931783E+061 -9.255963134931783E+061
 -9.255963134931783E+061 -9.255963134931783E+061 -9.255963134931783E+061
 -9.255963134931783E+061 -9.255963134931783E+061 -9.255963134931783E+061
 -9.255963134931783E+061 -9.255963134931783E+061 -9.255963134931783E+061
 -9.255963134931783E+061 -9.255963134931783E+061 -9.255963134931783E+061
 -9.255963134931783E+061 -9.255963134931783E+061 -9.255963134931783E+061
 -9.255963134931783E+061 -9.255963134931783E+061 -9.255963134931783E+061
