  1         9.150062         9.150062        62.400770         0.824604         5.766153         8.449096        69.508395
  2        10.137117        10.137117        50.937073         0.145285         6.488682        28.060690        68.211759
  3         8.148520         8.148520        48.176591         0.744379         3.503485         8.644374        54.250520
  4         8.944705         8.944705        55.151431         0.652016         7.025166         9.545714        63.436871
  5         7.960777         7.960777        27.409313         0.094766         6.107327        17.869115        39.397534
  6         9.917544         9.917544        58.656457         0.303303         2.796299        23.671184        71.890198
  7         7.728257         7.728257        20.991800         0.054839         8.663969        17.158806        33.903187
  8         8.763613         8.763613        51.754363         0.526011         1.881376        14.816323        60.103213
  9         8.068589         8.068589        21.430096        -0.063075         4.751971        24.362716        35.987440
 10         7.502335         7.502335        22.412092        -0.024162         3.136769        19.445186        33.703069
 11         8.061521         8.061521        34.172641         0.273137         7.466011        13.077647        44.444470
 12         8.610333         8.610333        44.796129         0.326130         2.154900        17.406235        54.576697
 13         7.214543         7.214543        27.946082         0.247260         3.855634        12.213396        35.980597
 14         9.076013         9.076013        28.857569        -0.024735         6.923438        28.754185        46.696380
 15         7.664108         7.664108        18.701780        -0.119662         2.814621        23.876564        32.047373
 16         7.938758         7.938758        38.677860         0.451342         6.132538        10.098145        46.793202
 17         9.261509         9.261509        62.346104         0.736655         3.610614        12.009015        70.155918
 18        10.510791        10.510791        70.094184         0.429206         4.121904        22.799787        83.555030
 19         9.588338         9.588338        39.275530        -0.009150         4.083070        31.024061        56.829095
 20         8.787543         8.787543        44.255656         0.312512         4.908006        17.068832        55.244075
 21         8.540063         8.540063        58.308056         1.014341         3.192730         6.557020        63.182931
 22         6.317145         6.317145        17.901092         0.145908         4.722023         9.948132        25.236170
 23         7.401540         7.401540        23.024981         0.063492         4.779188        16.392690        33.610920
 24         7.937723         7.937723        34.855925         0.295452         5.236393        13.531285        44.239764
 25         7.253098         7.253098        14.883628         0.016716         8.633877        16.515322        27.458228
 26         8.680204         8.680204        38.056706         0.189944         5.924438        18.935053        50.486451
 27         6.512981         6.512981        13.171324        -0.010553         4.987532        14.510870        22.920525
 28         6.981826         6.981826        16.308936         0.041061         7.158226        14.466417        27.121258
 29         6.948770         6.948770        15.640657         0.066485        10.109715        11.653453        26.522241
 30         7.730760         7.730760        27.755115         0.045433         2.534652        18.805034        38.424959
 31         8.273226         8.273226        39.789191         0.361140         5.781771        13.322942        49.341547
 32         8.568886         8.568886        49.671841         0.572120         3.353510        12.482472        57.589832
 33         9.112288         9.112288        57.432975         0.611160         3.236229        13.830986        65.966582
 34         7.703273         7.703273        20.786952        -0.056620         3.927574        21.774734        33.638106
 35         8.187730         8.187730        47.574948         0.675260         2.758258        10.217721        54.062938
 36         8.441437         8.441437        42.446377         0.375591         4.879511        14.328144        52.050204
 37         9.149099         9.149099        63.123368         0.854694         5.617226         8.104536        69.984249
 38         7.975524         7.975524        43.412866         0.606024         3.599715         9.864359        50.144903
 39         8.342346         8.342346        46.440192         0.568419         4.489637        10.946724        54.158372
 40        10.279772        10.279772        43.001609        -0.039763         4.578718        37.202686        63.892312
 41         8.524312         8.524312        25.176833        -0.038055         5.697506        25.960534        41.005853
 42         7.959394         7.959394        36.748692         0.327109         3.936585        13.798920        45.616445
 43         9.131773         9.131773        29.006846        -0.000706         8.418093        27.836863        47.134324
 44         5.752274         5.752274        14.118257         0.154813         6.044625         6.602309        20.441724
 45         9.965635         9.965635        73.993633         0.826906         8.017904         8.862256        82.433713
 46         7.055403         7.055403        11.785472         0.019350        10.619426        14.709400        24.449885
 47         7.244866         7.244866        29.982343         0.291843         2.845227        12.158597        37.484255
 48         8.069168         8.069168        32.939272         0.176012         4.510464        16.937675        43.663341
 49        10.026097        10.026097        51.869715         0.120838         3.276386        29.158888        68.087353
 50        10.064952        10.064952        69.874584         0.586252         2.865825        18.086630        80.350812
 51         8.642898         8.642898        43.443327         0.263669         2.102764        18.734805        53.862111
 52         9.338780         9.338780        71.195473         1.078612         3.129596         7.548635        76.534589
 53         8.538041         8.538041        42.839043         0.376610         6.184863        13.854535        52.858742
 54         9.597787         9.597787        69.350640         0.814464         2.650976        12.526943        76.939600
 55         6.873245         6.873245        19.772079         0.122924         6.506580        11.806367        28.928552
 56         7.117596         7.117596        23.015647         0.093003         3.767811        14.661868        32.230487
 57         9.963144         9.963144        49.257523         0.055742         2.243295        31.094513        65.926427
 58         8.172707         8.172707        50.642866         0.832243         1.790006         8.976841        56.026290
 59        10.047340        10.047340        51.699124         0.134285         4.229429        28.603849        68.115764
 60         9.895797         9.895797        36.670226        -0.084871         3.982331        36.855384        57.089084
 61         7.483324         7.483324         7.571951        -0.025421         9.887703        22.397759        23.714682
 62         9.266621         9.266621        58.858027         0.559937         1.913961        16.094197        67.862106
 63         9.594408         9.594408        54.687598         0.379597         6.841747        18.068303        67.142623
 64        10.520034        10.520034        31.337204        -0.159157         4.272991        48.616286        57.781843
 65         6.747664         6.747664        24.618348         0.298627         5.039196         8.902547        31.589220
 66         8.752362         8.752362        51.129595         0.584791         6.291845        10.690984        59.621010
 67         8.021303         8.021303        29.949106         0.178563         8.082697        14.845429        41.413169
 68         8.641707         8.641707        61.007704         1.089848         4.098475         5.015786        65.564835
 69         6.608882         6.608882        10.762197        -0.098555         3.537988        18.405426        21.733904
 70         7.503368         7.503368        23.925365         0.113644         6.728469        14.854979        34.717090
 71         6.760861         6.760861        16.270992         0.086761         8.752131        10.873373        26.083744
 72         8.827317         8.827317        35.479145         0.067102         4.652679        23.642245        49.626606
 73         7.755674         7.755674        31.656025         0.212664         4.009879        14.986424        41.154176
 74        10.021509        10.021509        67.466210         0.548831         4.064268        17.912018        78.454353
 75         7.918082         7.918082        32.352242         0.196434         4.355597        15.873585        42.466834
 76         8.603292         8.603292        43.645166         0.398322         7.662108        12.585535        53.768988
 77         8.611434         8.611434        47.277927         0.466914         3.998980        13.920262        56.237548
 78         7.270722         7.270722        18.627982         0.002446         5.289855        17.533753        30.039787
 79        11.287016        11.287016        38.298840        -0.163772         4.122423        55.276164        67.998133
 80         7.403873         7.403873        26.859853         0.199651         5.834985        12.803335        36.179013
 81        10.257378        10.257378        41.388952        -0.084319         3.326133        39.223772        62.663904
 82         8.034340         8.034340        44.179693         0.640082         6.173891         7.406725        50.970001
 83         7.403408         7.403408        11.272716        -0.023014         8.785892        20.239268        25.785296
 84         9.721593         9.721593        60.733136         0.506116         6.898103        15.619387        71.991880
 85         7.591301         7.591301        24.651879         0.073277         4.998671        16.985311        35.643870
 86         9.810853         9.810853        55.541180         0.260430         3.060493        24.080607        69.111730
 87         8.650843         8.650843        61.798699         1.113843         2.187943         6.504319        66.144830
 88         9.670446         9.670446        46.256884         0.097863         3.853267        27.653828        62.010432
 89         7.719893         7.719893        25.721106         0.095687         5.836564        16.747199        37.012987
 90         7.268553         7.268553        31.893038         0.433553         5.695036         8.264176        38.872644
 91         8.638350         8.638350        42.166643         0.356190         9.217345        12.418957        52.984794
 92         8.120544         8.120544        46.640011         0.680571         3.395261         9.473556        53.074420
 93         8.900771         8.900771        50.906016         0.501541         5.467830        13.410640        60.345251
 94         7.427435         7.427435        22.034679         0.012493         4.068427        18.019642        33.078714
 95         8.607199         8.607199        22.674892        -0.136230         3.249568        31.023086        39.811218
 96        10.862994        10.862994        47.424757        -0.081270         3.368708        43.684543        70.951382
 97         6.716185         6.716185        11.477917        -0.125697         2.814761        19.604718        22.687657
 98         7.471260         7.471260        37.387452         0.580579         3.849090         8.439095        43.531544
 99         7.036113         7.036113        15.896117         0.016375         6.606603        15.800579        27.099708
100         8.387274         8.387274        36.326130         0.179228         4.184583        18.495573        47.666208
