  1       212.915775        14.107713      2932.740692        -0.000602     12712.753311     15554.171005     17066.202850
  2       213.903101        20.528264      2880.156882        -0.000826     12726.981497     15855.938431     17171.616846
  3       214.696719        18.442998      2833.718813        -0.000855     12828.421311     16012.220111     17254.039523
  4       215.753928        21.332523      2908.132919        -0.001001     12853.805381     16240.610996     17455.341107
  5       216.749372        20.749283      3048.114012        -0.001108     12875.708727     16412.408748     17692.172749
  6       217.877296        22.141042      3308.521412        -0.001150     12908.931608     16532.398101     18029.186266
  7       218.945058        21.596814      3462.647319        -0.001121     13004.376106     16645.151254     18287.410999
  8       219.804444        19.417916      3363.204580        -0.001158     13136.019499     16831.173327     18346.800993
  9       220.936468        22.336725      3233.957339        -0.001089     13365.983678     17019.993494     18426.945925
 10       221.889001        20.537907      3188.952206        -0.001247     13419.119892     17278.064438     18537.544371
 11       222.894446        21.147233      3266.842759        -0.001381     13455.468985     17487.925284     18738.539893
 12       223.708131        19.062889      3288.084684        -0.001475     13505.842235     17665.653241     18873.832422
 13       224.592087        19.906729      3194.641118        -0.001510     13626.841515     17871.134909     18943.629331
 14       225.588545        21.179844      3185.402093        -0.001591     13714.098105     18089.094868     19086.998580
 15       226.238423        17.135713      3191.088608        -0.001490     13850.387783     18144.769290     19188.667144
 16       227.047474        19.150223      3076.455502        -0.001396     14035.658180     18280.408331     19234.488758
 17       227.961749        20.396169      3082.783239        -0.001280     14222.909749     18366.274079     19377.375153
 18       229.096786        22.776706      3353.022579        -0.001343     14263.857532     18491.018960     19730.460825
 19       229.914941        19.378931      3605.148623        -0.001340     14298.887834     18538.266598     20023.725839
 20       230.529890        16.827065      3783.824373        -0.001323     14330.770790     18576.033209     20237.226372
 21       231.300214        18.861565      3941.799096        -0.001395     14343.021884     18695.638052     20461.129064
 22       232.005205        18.072801      4069.702469        -0.001434     14373.746008     18797.395773     20655.273360
 23       232.860748        19.942742      4091.183403        -0.001411     14493.926199     18928.036933     20802.164969
 24       233.710627        19.913032      4059.444338        -0.001256     14701.265926     19006.209144     20913.181873
 25       234.800533        22.597201      3981.001729        -0.001053     14995.298702     19104.893755     21031.097957
 26       235.630654        19.761448      3859.128144        -0.000990     15197.483033     19244.301709     21080.020515
 27       236.330813        18.178229      3816.208243        -0.001037     15284.114901     19406.581784     21161.556586
 28       236.836977        15.475804      3765.672334        -0.001040     15372.571390     19511.482916     21207.699487
 29       237.310485        14.983733      3715.007899        -0.001033     15461.576901     19605.928537     21248.760618
 30       237.895585        16.674638      3657.100626        -0.001051     15553.113734     19738.358916     21302.836951
 31       238.351499        14.735240      3613.186277        -0.001095     15602.765252     19862.735152     21345.936480
 32       239.001877        17.619884      3745.178977        -0.001075     15663.789122     19920.689691     21537.418383
 33       240.055047        22.461713      3779.631668        -0.001062     15810.047075     20087.815641     21728.563026
 34       241.028797        21.643826      3840.548450        -0.000978     15984.077732     20185.477275     21925.325954
 35       241.729200        18.388181      3920.364787        -0.000906     16104.998626     20236.762286     22091.245243
 36       242.676017        21.415951      4092.464991        -0.000807     16241.603804     20291.185613     22358.859699
 37       243.723723        22.574416      4527.452634        -0.000684     16282.364979     20300.168833     22818.719540
 38       244.663493        21.423623      4936.267243        -0.000530     16311.031942     20304.939881     23244.253154
 39       245.401399        19.016356      5195.370342        -0.000432     16340.001980     20344.315647     23537.529156
 40       246.013599        17.344864      5375.483077        -0.000336     16387.174967     20377.630372     23757.885746
 41       246.650929        17.719751      5480.595354        -0.000281     16457.321634     20446.735249     23932.623795
 42       247.189820        16.313377      5478.972478        -0.000272     16550.052451     20532.503861     24020.250635
 43       247.727235        16.308776      5374.781375        -0.000321     16670.619495     20658.715008     24039.448626
 44       248.311194        17.019574      5349.577437        -0.000268     16811.940685     20727.307037     24119.201298
 45       248.975946        18.181655      5535.354567        -0.000160     16871.968879     20763.809133     24353.243573
 46       249.787843        20.123243      5767.826134         0.000035     16974.209560     20776.550690     24643.206259
 47       250.540479        19.405286      6084.575022         0.000203     16983.203458     20807.434277     24979.893889
 48       251.336662        19.989646      6321.926414         0.000375     17049.522448     20849.271656     25271.323467
 49       252.255468        21.510541      6397.775289         0.000366     17147.388892     21009.308204     25476.123837
 50       253.182159        21.642201      6545.442855         0.000456     17251.220915     21119.287705     25730.697165
 51       254.049554        20.975460      6387.034671         0.000295     17424.299632     21345.127736     25771.748355
 52       254.710360        18.335527      6303.371885         0.000258     17576.971464     21472.358788     25828.037011
 53       255.221463        16.143968      6326.710875         0.000351     17707.632010     21499.890721     25930.472240
 54       255.604234        13.983176      6334.015164         0.000347     17766.811480     21566.194540     26000.518174
 55       256.143462        16.611714      6260.865689         0.000329     17903.472846     21662.265517     26043.734870
 56       256.571901        14.821165      6182.472451         0.000274     17999.352645     21765.092506     26064.695027
 57       256.897984        12.939639      6133.401288         0.000230     18061.796957     21846.985134     26087.792334
 58       257.378349        15.717515      6038.554407         0.000121     18137.866836     21998.840038     26106.907844
 59       257.985085        17.683024      5934.758973         0.000025     18246.587972     22167.775406     26141.940662
 60       258.494689        16.223449      5836.089672        -0.000116     18299.786872     22355.822906     26163.894561
 61       258.953780        15.412849      5774.872490        -0.000196     18359.806043     22494.985804     26202.268414
 62       259.245465        12.294349      5744.804746        -0.000274     18373.307127     22602.297231     26232.606926
 63       259.496009        11.400330      5719.513077        -0.000284     18423.884872     22655.225609     26259.068318
 64       259.862222        13.791142      5680.259538        -0.000256     18528.656088     22703.420482     26296.297823
 65       260.574266        19.250291      5591.662677        -0.000137     18793.837733     22744.352534     26360.757811
 66       261.365809        20.325792      5399.175778        -0.000095     19086.979763     22854.960304     26370.145812
 67       261.830247        15.588220      5373.241317        -0.000046     19227.469575     22893.755204     26433.853706
 68       262.476993        18.414483      5509.985449         0.000045     19331.954835     22924.169304     26638.047518
 69       263.233891        19.947673      5585.137116         0.000165     19526.707915     22944.588230     26820.785189
 70       264.037913        20.589761      5613.261659         0.000248     19733.592120     23001.579832     26980.847635
 71       264.959244        22.076715      5577.503837         0.000279     19961.900960     23122.030435     27119.469534
 72       265.616437        18.673263      5544.546885         0.000306     20139.644400     23198.718799     27213.728485
 73       266.080697        15.711315      5486.471684         0.000292     20256.040238     23285.603369     27257.293488
 74       266.661957        17.597229      5390.973237         0.000281     20427.108702     23384.642176     27296.848676
 75       267.201136        16.966074      5323.191403         0.000306     20615.464001     23433.373210     27347.610009
 76       267.796012        17.839756      5294.543697         0.000345     20805.869229     23474.237717     27434.597170
 77       268.491871        19.317880      5278.401542         0.000386     21015.678693     23523.976680     27548.229228
 78       269.200299        19.517084      5197.103722         0.000410     21269.353171     23578.445132     27621.002874
 79       269.879071        19.128817      5219.407986         0.000433     21422.174112     23654.695763     27757.842923
 80       270.578546        19.443165      5078.431276         0.000371     21583.437332     23839.441458     27789.870672
 81       271.125132        17.207207      5007.151464         0.000384     21789.035719     23878.754918     27841.046782
 82       271.656134        16.976982      4961.143167         0.000386     21945.399812     23945.208295     27906.447220
 83       272.154840        16.468195      4937.220524         0.000376     22050.119953     24037.237540     27980.899271
 84       272.816843        18.994028      4920.717616         0.000379     22206.470087     24132.404739     28090.155029
 85       273.590469        20.560026      4784.060249         0.000312     22344.925291     24366.864222     28139.955006
 86       274.575550        23.237644      4942.992734         0.000326     22412.785467     24553.041120     28425.906028
 87       275.368660        20.884594      4963.739549         0.000326     22550.797380     24691.975501     28585.125989
 88       276.141425        20.644313      5003.833676         0.000344     22707.869763     24792.298814     28753.917964
 89       277.031105        22.184376      5193.520540         0.000373     22759.348438     24942.459934     29044.424726
 90       277.997190        23.156092      5414.832519         0.000421     22831.858341     25079.878442     29370.700910
 91       279.080224        24.562847      5478.473990         0.000466     23086.585281     25184.946164     29614.239712
 92       280.031915        23.067339      5529.648728         0.000502     23313.129261     25279.020433     29825.723575
 93       280.891321        21.955881      5650.536590         0.000544     23456.836111     25376.095482     30067.002387
 94       281.524883        18.876596      5802.627351         0.000608     23566.544988     25402.543344     30287.171517
 95       281.991317        16.212428      5882.734485         0.000627     23612.798715     25478.113407     30428.190546
 96       282.428792        15.713693      6026.160801         0.000670     23631.973416     25527.934592     30606.114805
 97       282.782990        14.149089      6112.799096         0.000694     23655.506206     25580.107414     30730.605906
 98       283.223529        15.790745      6119.012548         0.000666     23678.590151     25719.112916     30817.864082
 99       283.869996        19.146991      6217.714430         0.000670     23708.971324     25867.335343     31005.867764
100       284.542489        19.551302      6251.436373         0.000660     23796.363959     26012.297008     31155.766856
