  1         4.605993         4.605993         6.207260         0.001429         2.963276         7.041998        11.209896
  2         5.879348         5.879348        12.514747        -0.035567         2.459510        12.241812        19.865409
  3         4.762172         4.762172        10.644801         0.150143         2.153566         5.868755        14.655962
  4         5.615888         5.615888        17.660344         0.289716         2.163359         7.088545        22.286296
  5         4.621264         4.621264        11.497614         0.292617         2.328677         4.243632        14.783768
  6         4.889014         4.889014         9.225627         0.027631         2.211854         7.572700        14.117905
  7         5.280389         5.280389         6.144371        -0.100108         2.365933        12.126156        13.390415
  8         5.779839         5.779839        16.351866         0.151599         2.443430         8.926354        22.036758
  9         5.301527         5.301527        12.449604         0.134077         3.234585         7.203135        17.668464
 10         5.488992         5.488992        15.686236         0.247298         2.974317         6.654217        20.500503
 11         5.410993         5.410993        10.682872        -0.025568         2.196447        10.200868        16.881529
 12         5.370821         5.370821        10.773543         0.061722         3.731177         8.316938        16.797600
 13         5.269199         5.269199        10.567536        -0.045040         1.551884         9.912731        16.299844
 14         5.716471         5.716471        13.305528        -0.044815         1.338866        11.576142        19.763032
 15         5.473511         5.473511        16.404703         0.285210         2.536101         6.500315        20.922911
 16         5.238552         5.238552         9.528871        -0.017013         2.487118         9.455251        15.500056
 17         6.333101         6.333101        18.200122         0.109421         3.396951        11.208412        25.502803
 18         5.691522         5.691522        16.517009         0.197821         2.518107         8.066167        21.809146
 19         6.167746         6.167746        18.602765         0.095358         1.707196        11.251686        25.082206
 20         4.955725         4.955725         9.681854         0.072993         2.907030         7.011209        14.640973
 21         5.605652         5.605652        14.109602         0.092204         2.476497         9.065990        19.880846
 22         5.159828         5.159828        14.512762         0.250991         1.741335         6.332710        18.549784
 23         5.518271         5.518271        10.834606        -0.064343         1.810335        11.267469        17.373508
 24         6.483602         6.483602        29.755055         0.663974         1.587414         6.600611        33.849067
 25         4.999462         4.999462        11.261900         0.063846         1.548666         7.606482        15.839474
 26         6.069045         6.069045        15.895454         0.017456         1.976767        11.981803        22.874740
 27         5.114141         5.114141        10.125876         0.107060         4.402816         6.282890        15.468729
 28         4.921515         4.921515        15.003706         0.445209         1.812773         4.332296        18.076240
 29         5.664374         5.664374        13.991865        -0.018029         1.120193        10.941982        20.022952
 30         6.989138         6.989138        24.424642         0.087853         1.584215        14.698056        32.565777
 31         5.360212         5.360212        12.452445         0.151898         4.351498         6.501455        17.878921
 32         5.232919         5.232919        13.630399         0.119682         1.324488         7.844210        18.214748
 33         4.859771         4.859771         8.847454         0.046797         2.726372         7.120242        13.770762
 34         5.186682         5.186682         7.518985         0.010041         4.261496         8.660292        13.979880
 35         5.584796         5.584796        19.276897         0.388961         1.273590         6.668441        23.247913
 36         5.022789         5.022789        10.428026         0.107811         3.242312         6.624607        15.361485
 37         4.960952         4.960952        16.276373         0.573560         2.276257         3.280193        19.054598
 38         4.804424         4.804424        10.232026         0.161981         3.379924         5.187053        14.515514
 39         4.592726         4.592726         7.512722         0.024737         2.392684         6.660924        12.039526
 40         5.524363         5.524363        19.201681         0.474446         2.376271         5.168330        22.973981
 41         5.946243         5.946243         5.980944        -0.038328         5.352492        14.232080        15.773230
 42         5.026708         5.026708        13.846574         0.320301         3.051502         4.562647        17.653649
 43         6.598087         6.598087        33.252843         0.837471         0.704104         6.150501        36.680146
 44         5.135170         5.135170        14.560350         0.268643         1.754744         6.118333        18.496889
 45         5.938781         5.938781        21.996146         0.439632         2.178241         6.670409        26.420471
 46         5.245962         5.245962        12.866943         0.120834         2.141891         7.626890        17.751334
 47         5.235793         5.235793        13.880657         0.257435         4.084963         4.936950        18.391614
 48         5.059358         5.059358         7.013140        -0.075145         2.264202        10.125104        13.207794
 49         7.105757         7.105757        29.976430         0.320349         1.999202        11.677702        36.814882
 50         5.922422         5.922422        20.008063         0.330396         2.810294         7.234388        25.030404
 51         4.556963         4.556963         8.867880         0.107534         2.321304         5.610720        12.833892
 52         5.590493         5.590493        16.556582         0.170337         1.292207         8.505810        21.455590
 53         6.668993         6.668993        26.731309         0.353832         2.080443         9.748993        32.646026
 54         5.484151         5.484151        14.927934         0.190117         2.701683         7.396972        19.977262
 55         4.465910         4.465910         5.179594        -0.023243         2.694774         7.148397        10.101180
 56         4.765463         4.765463         8.515598         0.085275         3.489771         5.972921        13.246944
 57         5.628985         5.628985        16.738844         0.256816         2.977871         6.986548        21.721054
 58         5.644374         5.644374        20.839616         0.538707         2.325835         5.020393        24.512730
 59         4.334173         4.334173         7.839158         0.043789         1.464395         5.832873        11.487791
 60         6.344115         6.344115        28.027765         0.655442         2.466854         5.679829        32.101106
 61         5.555319         5.555319        14.056976         0.153945         3.583671         7.619394        19.658509
 62         5.360267         5.360267        15.987203         0.305412         2.452727         6.044111        20.235622
 63         5.177110         5.177110        10.463308         0.110251         4.501178         6.391598        15.909696
 64         5.553938         5.553938        14.387102         0.158351         3.238659         7.734092        19.873478
 65         4.259731         4.259731         6.571206        -0.001545         1.649896         6.066173        10.429240
 66         6.290444         6.290444        26.618621         0.536338         1.255259         7.378782        30.935641
 67         4.629761         4.629761         5.963666        -0.040607         2.386251         7.927763        11.120674
 68         5.172343         5.172343        10.102883         0.035637         2.795359         8.304810        15.652967
 69         6.057377         6.057377        12.438124        -0.143838         1.089871        15.079257        20.522688
 70         4.603741         4.603741         8.700668         0.060588         1.990170         6.339004        12.865255
 71         4.632808         4.632808         5.913692        -0.065997         2.018317         8.347831        11.096766
 72         4.805498         4.805498         5.579248        -0.017287         3.475960         8.199750        11.417103
 73         5.288561         5.288561        12.057053         0.151731         4.378624         6.229256        17.360993
 74         5.374987         5.374987        12.848696         0.065645         1.956271         8.738257        18.195960
 75         5.414640         5.414640         9.592339         0.012695         3.682110         9.468545        16.167667
 76         5.589038         5.589038        13.359056        -0.004066         1.448917        10.469940        19.318485
 77         5.830806         5.830806        11.485335        -0.089111         1.883300        13.125343        18.989656
 78         5.503202         5.503202        15.810176         0.256862         3.181297         6.468737        20.635194
 79         5.294748         5.294748        16.345781         0.339295         1.827589         5.964797        20.241974
 80         5.423416         5.423416         5.929992        -0.061052         3.531056        12.124573        13.757807
 81         5.884369         5.884369        18.505743         0.160008         1.117802         9.628905        23.879096
 82         4.473228         4.473228         5.147191        -0.018303         2.826651         7.081732        10.101383
 83         4.697822         4.697822        12.815085         0.389393         2.765899         3.403732        15.899900
 84         5.981447         5.981447        16.193121         0.180350         5.634587         7.421802        22.721316
 85         6.104005         6.104005        28.511248         0.883209         1.773064         4.058691        31.427125
 86         5.345228         5.345228         9.267225        -0.038944         2.563368        10.306125        15.701971
 87         6.321649         6.321649        24.206765         0.383068         2.252760         8.251562        29.458926
 88         5.620640         5.620640        20.798434         0.522083         1.574243         5.621197        24.396154
 89         5.665184         5.665184        16.625646         0.244845         3.241759         7.070680        21.781865
 90         5.597896         5.597896         8.508593        -0.143447         1.537615        13.680947        16.117874
 91         5.718159         5.718159        13.317450        -0.040335         1.401500        11.518431        19.777416
 92         5.891710         5.891710        12.372048        -0.038648         2.520657        12.372811        19.818782
 93         5.115774         5.115774         9.369035        -0.024389         2.087074         9.114334        14.969739
 94         5.757213         5.757213        18.869353         0.315526         2.364320         7.153115        23.628071
 95         5.768547         5.768547         8.506832        -0.141167         1.774894        14.737973        16.763266
 96         5.682941         5.682941        19.578230         0.418494         2.630588         5.847806        23.817427
 97         5.503700         5.503700        11.457884         0.001835         2.490825        10.064393        17.735493
 98         4.591356         4.591356         9.229154         0.036546         1.229570         6.671361        13.179620
 99         5.402572         5.402572        12.052367         0.033211         2.199929         9.223683        17.764173
100         6.385330         6.385330        14.416513        -0.129565         1.239792        16.330829        23.201823
