  1        14.701741        14.701741       110.216967         0.164272        12.643988        57.972151       145.525037
  2        13.795263        13.795263       121.928263         0.478492        10.582464        35.004878       144.721934
  3        11.156413        11.156413        63.275073         0.211864        11.113171        29.680488        83.671902
  4        15.999113        15.999113       180.917278         0.661358         9.830272        40.205950       205.935389
  5        13.589738        13.589738       108.750079         0.278212         4.845130        45.775471       134.060380
  6        18.549803        18.549803       310.293420         1.466065         9.291171        13.243348       321.560679
  7        19.484682        19.484682       296.664426         0.889712         1.943981        53.381629       324.327231
  8        18.861700        18.861700       292.703241         1.080295         4.085075        37.955246       313.723402
  9        18.714982        18.714982       316.237768         1.470552         7.928642        14.746541       327.575360
 10        19.344722        19.344722       343.601793         1.545255         5.227268        15.183721       353.807288
 11        19.015172        19.015172       314.474224         1.301510         4.783851        26.617835       330.175067
 12        21.747708        21.747708       447.533199         1.693998         6.082949        10.870131       456.009738
 13        16.499576        16.499576       210.627234         0.897587         8.181834        32.890674       231.163488
 14        16.296452        16.296452       150.041368         0.235393         9.035183        67.986800       188.552360
 15        12.810832        12.810832       138.957810         1.197299         2.955470        13.817606       147.344348
 16        10.767769        10.767769        59.845420         0.248515        12.506709        24.892914        78.545231
 17         9.571144         9.571144        49.346737         0.255785         7.072949        21.100421        63.433422
 18        11.865306        11.865306        51.814010        -0.097571         5.362583        53.951731        81.471166
 19        13.688885        13.688885       100.725687         0.192949         8.220934        49.552315       129.612312
 20        12.975538        12.975538       131.842969         0.938836         5.589762        18.757989       144.016845
 21        15.108002        15.108002       197.326133         1.288257         6.658691        13.958363       207.634659
 22        17.402526        17.402526       213.679590         0.655042        11.210202        48.235343       243.402363
 23        13.493778        13.493778       100.647455         0.221222         7.437040        46.852688       127.792319
 24        12.864916        12.864916       120.253833         0.690137         2.382993        27.785157       135.337908
 25        14.873081        14.873081       103.339726         0.000629         4.896175        73.683030       142.629328
 26        17.277204        17.277204       225.641547         0.804407         4.554246        44.019246       249.928293
 27        18.422380        18.422380       256.389451         0.821809         9.146438        46.183328       284.054334
 28        10.652691        10.652691        61.748266         0.284078        10.162528        24.325183        78.992121
 29        13.578715        13.578715       114.387870         0.412983         9.311095        37.351323       137.719079
 30        14.037201        14.037201       128.884660         0.553144        18.071948        27.366960       151.604114
 31        18.483685        18.483685       289.399932         1.212551        12.576836        22.254278       306.815489
 32        15.302407        15.302407       193.229456         1.123071        11.996966        15.292500       206.874189
 33        13.128415        13.128415       119.990729         0.598331         3.987683        30.922015       137.445578
 34        15.593301        15.593301       167.459871         0.578984         6.400119        44.060650       192.690256
 35        14.214845        14.214845       171.614473         1.219644         6.266035        14.032198       181.763589
 36        17.455088        17.455088       237.166327         0.893986         4.426324        40.582856       259.670917
 37        17.907146        17.907146       221.824979         0.582555         7.322319        58.571613       254.771945
 38        17.757958        17.757958       259.063199         1.084638         5.989537        31.531714       277.823824
 39        17.643888        17.643888       282.256838         1.489858         7.414102        11.952530       291.940154
 40        15.663075        15.663075       125.860704         0.059886         2.813195        76.834284       165.684444
 41        14.733373        14.733373       135.152414         0.391219         7.693238        46.920014       162.459040
 42        15.046653        15.046653       200.282140         1.380528         5.096155        12.316937       208.988686
 43        18.135170        18.135170       280.283078         1.236407        12.939582        19.461285       296.483512
 44        20.636474        20.636474       402.373337         1.683197         1.496276        14.164199       410.203574
 45        14.144577        14.144577       133.805611         0.475483         1.880384        42.295254       155.893430
 46        18.039182        18.039182       236.818182         0.716122         8.496365        50.566232       266.349480
 47        16.894347        16.894347       205.846432         0.743898        20.206011        32.842341       232.370609
 48        13.724100        13.724100       144.978360         0.889839         6.909874        22.005165       159.435880
 49        13.822003        13.822003       130.955611         0.609535         9.913707        30.147721       150.986325
 50        20.379725        20.379725       358.778002         1.265978         2.803634        34.899816       377.629728
 51        15.518725        15.518725       209.557095         1.313555         6.529286        14.319864       219.981670
 52        16.095414        16.095414       190.406172         0.743864         6.925940        38.844849       213.291567
 53        14.303782        14.303782       174.750814         1.231570         3.640929        16.257315       184.699935
 54        12.212865        12.212865        56.248979        -0.067326         7.047710        54.889023        87.217345
 55        15.240334        15.240334       128.670555         0.143665         1.939301        67.125510       163.202960
 56        17.196061        17.196061       219.630290         0.771191         7.588251        43.127900       244.988365
 57        15.318364        15.318364       173.569408         0.806463        16.862528        23.859374       193.930359
 58        12.846363        12.846363       129.709197         0.947953         5.098862        18.447698       141.482477
 59        15.333054        15.333054       115.601150         0.044149         5.061176        74.606417       155.434946
 60        13.351887        13.351887       144.186557         1.046991         6.425777        16.298435       155.548663
 61        18.338796        18.338796       300.252624         1.416994         5.411405        18.627796       312.272225
 62        21.313962        21.313962       402.557930         1.380284         5.115763        29.368946       419.800284
 63        19.579481        19.579481       349.271469         1.508712         5.490203        17.232872       360.633006
 64        16.197719        16.197719       200.058333         0.862731         9.805140        31.733380       220.827593
 65        14.593214        14.593214       138.662713         0.508210        11.736927        37.795867       163.429110
 66        18.195472        18.195472       287.296020         1.293280         4.820414        24.365706       301.889080
 67        20.393559        20.393559       337.901480         1.020182         1.096610        50.900568       363.900069
 68        19.083781        19.083781       343.645188         1.679851         5.079742         8.617266       350.493691
 69         9.682311         9.682311        35.647367         0.102912        16.358059        22.375130        55.013961
 70        13.784683        13.784683       149.353099         0.910215         1.083138        26.026453       162.907895
 71        13.014867        13.014867       129.946627         0.871227         5.021821        21.271597       143.093336
 72        15.056550        15.056550       182.742292         1.042611        10.449816        18.855118       197.394759
 73        20.707655        20.707655       368.986057         1.258862         6.399164        33.481445       388.926361
 74        17.109918        17.109918       217.722763         0.778910         8.261000        41.756683       242.731605
 75        19.145186        19.145186       325.382924         1.390115         5.014279        22.422525       339.101326
 76        16.329825        16.329825       196.849750         0.757268         7.366524        39.175760       220.120892
 77        15.099439        15.099439       157.354105         0.611231         9.631511        37.461131       180.900426
 78        19.838367        19.838367       317.533805         1.005988         3.572824        47.111844       342.876139
 79        17.110634        17.110634       234.938129         1.013941         8.515928        30.041182       254.216684
 80        19.638730        19.638730       309.197399         0.975502         1.679528        49.308689       334.691507
 81        15.228227        15.228227       179.132227         0.897797         7.945886        27.231894       196.721116
 82        13.620120        13.620120       122.239522         0.474835         4.278355        37.900408       143.328903
 83        15.184727        15.184727        94.970379        -0.108303         3.026045        87.377658       140.172230
 84        10.126142        10.126142        31.987325         0.024812        15.317813        31.716471        55.504467
 85         9.591422         9.591422        49.163905         0.256588         7.733324        20.820992        63.441063
 86        11.828236        11.828236        98.537643         0.631256         3.582133        23.997548       112.327483
 87        11.829044        11.829044        82.924907         0.325995         6.127429        31.873492       101.925368
 88        15.309662        15.309662       177.789372         0.827252         5.316209        32.414709       196.654832
 89        21.188914        21.188914       406.780696         1.478580         3.559484        24.566770       420.843824
 90        16.426580        16.426580       214.718825         0.997701        11.220495        25.521983       233.090064
 91        15.446377        15.446377       124.712237         0.120376         6.339578        69.579306       162.671678
 92        10.862829        10.862829        60.295540         0.228304        11.598515        26.871831        79.530713
 93        13.897016        13.897016       148.368556         0.884948         7.236972        22.602032       163.288057
 94        17.941443        17.941443       283.050021         1.358616        10.163346        15.733556       295.998472
 95        15.227818        15.227818       169.730622         0.703020         2.504789        38.932414       190.449224
 96        13.728095        13.728095       151.263971         1.034093        12.102088        12.695665       163.662848
 97        14.920581        14.920581       180.310524         1.045213         6.411324        21.797487       194.414930
 98        12.522730        12.522730       104.608660         0.586501        13.573712        21.233020       122.012026
 99        18.651683        18.651683       288.772153         1.121131         6.124119        33.284639       308.476532
100        14.642491        14.642491       152.502199         0.648880         4.684343        36.582550       173.135646
