   1563.89098913775       -2156.66758802088       -2228.68471843530     
   1605.94286003550       -2170.25304563317       -2252.32359217994     
   1619.21438896717       -2201.58201139790       -2274.89609194421     
   1647.13160594482       -2213.60185749004       -2299.34846081147     
   1689.04061624839        2267.03292221146        2329.20209847906     
   1724.73441566220        2324.78264772088        2373.69295956217     
   1767.51224901492        2384.91371219409        2378.64119790217     
   1815.42596329078        2410.19793190712        2391.18369852431     
   1861.76248217925        2423.97670807176        2412.26780412763     
   1919.49746882370        2445.30066743034        2426.24513409794     
   1943.19991345328        2476.19073494482        2441.09461584718     
   1976.00193928117        2493.22775436941        2456.40704698302     
   1979.95219583775        2518.05320209146        2521.78148969919     
   1986.47790192810        2561.25329234669        2551.38909391648     
   2010.96850202032        2642.68296081233        2561.65859375095     
   2030.93360754604        2689.53434384245        2576.18567263241     
   2057.09645873548        2715.65859451984        2613.93296983373     
   2080.30654018416        2769.82990430404        2645.79402019697     
   2217.41052329460       -2791.66507289373       -2675.58800246709     
   2353.93864939245        2812.27371946510        2683.40739186638     
   2471.07297840963        2819.53103182610        2700.66201217071     
   2558.66559237436        2838.10454486583        2716.39991297934     
   2646.58425700924        2851.39904468948        2742.21798607240     
   2733.80202522915        2867.06158543901        2777.70024621527     
   2809.45104405924        2884.78190125526        2799.24495422797     
   2913.88777072741        2899.72227221677        2813.19665941082     
   3059.64668644811        2913.29764044966        2846.30369023901     
   3147.34656614693        2957.53181991136        2863.58187744491     
   3187.91145062089        2997.61020666446        2955.35436551419     
   3221.78497121158        3031.56325135717        2976.28470309625     
   3354.98963380641        3045.92828342347        3003.26651498313     
   3394.91656180200        3067.76090616416        3041.88451623314     
   3451.23567791586        3116.43049903629        3076.69429479026     
   3482.08152841092        3138.14997096592        3089.88042985837     
   3581.34228324184        3168.89213530883        3100.24490687503     
   3632.01914182816        3185.27676301291        3108.34283011868     
   3670.31239119227        3304.72384336439        3129.95920795641     
   3678.18553030205        3334.01307723161        3150.09591333829     
   3715.94826901905        3419.50372557176        3175.87955990109     
   3753.16750403694        3546.09130806801        3243.35557929191     
   3769.67706423114        3606.30357508420        3366.35356781112     
   3803.66286625277        3682.96098670608        3427.99388787792     
   3825.51823319367        3808.14127877016        3449.79306172559     
   3862.35446016006        3880.90380312872        3474.03640284254     
   3908.38455937053        3944.01610169996        3496.40082974571     
   3921.80544709575        4012.27835294517        3525.92806942375     
   3932.76615964078        4055.49644906821        3536.78355684341     
   3969.66099558258        4156.13791606965        3543.79236667137     
   4003.80520438694        4298.33418054446        3567.46962724302     
   4019.65971839791        4344.73549311914        3625.60666345852     
   4030.89720484646        4405.34866204422        3638.45636335318     
   4053.15824894193        4462.77139429400        3711.87769772378     
   4057.82515071095        4504.65646245511        3986.86360295805     
   4073.79155786413        4540.49767750159        4007.62015984530     
   4085.94738175775        4556.33704340560        4026.54260960586     
   4116.32523899811        4569.28834122595        4047.88173986097     
   4128.23823511536        4598.84139094963        4088.71095822613     
   4137.79200782321        4633.44836379816        4152.08073282543     
   4151.13463929450        4652.26070807036        4267.95453679854     
   4161.28193718945        4671.89014028806        4338.72765294797     
   4170.42903761860        4691.10082320836        4605.08684151371     
   4175.05524871377        4727.68294381365        4745.07532337743     
   4213.37619356375        4756.49821539286        4829.25851570851     
   4271.49706739889        4768.10453903106        4884.92802492815     
   4294.83893924268        4778.32281928841        4964.51690332993     
   4327.24320721966        4790.70933796660        4975.62774163885     
   4347.83234873695        4808.57975503927        4999.91660929261     
   4372.87691035115        4849.92205708060        5024.63639792555     
   4413.76980401188        4866.10908913945        5083.86712936643     
   4429.77813184887        4873.16866342313        5143.54651243883     
   4453.56886095314        4893.93633415774        5358.97043420382     
   4479.82818958485        4921.57412219702        5479.93836732106     
   4520.81215004463        4983.48076480516        5547.18988016602     
   4594.76095274581        5022.18837803560        5674.96491445599     
   4623.90365303950        5177.93577126968        5696.52104244937     
   4655.96783317221        5339.34726360687        5723.48468070925     
   4727.62835157123        5413.19301145344        5741.95301174500     
   4808.30375909286        5435.00279184554        5811.05936442417     
   4884.01384543510        5491.01290804191        5896.29989532465     
   4950.12071790884        5516.01907422026        5977.44916189518     
   4966.64784285688        5564.33600916780        6040.61783000687     
   4978.47246547493        5573.55029630600        6200.90809376333     
   5015.11780605668        5579.10606268831        6383.20857168926     
   5046.75182515574        5587.50154682237        6528.80936887968     
   5062.84579608276        5597.15651177369        6598.88170513981     
   5116.71902446265        5614.39989100410        6680.52668643482     
   5210.26769733837       -5624.35667052914       -6786.15238081546     
   5231.11059240858       -5666.93676737138       -6896.70187877651     
   5259.86739492884       -5716.81924764835       -6945.75368051893     
   5288.76395406248       -5821.61192617290       -6987.72879490753     
   5415.46569455999       -5880.17565899656       -7001.08871905298     
   5674.29082098960       -5901.54857276571       -7014.92303405147     
   5777.70375336461       -5933.82768869094       -7024.22499075706     
   5831.13358712856       -6010.60723782022       -7036.55301491097     
   5859.55563303743       -6059.58664945175       -7054.21221870816     
   5893.32587141917       -6085.21573543046       -7072.27793165146     
   5921.60607076035       -6103.31551510000       -7083.74802213866     
   6084.20524405405       -6112.61738963410       -7106.04582524194     
   6204.51197094172       -6138.04674727514       -7140.42239285908     
   6244.01899354596       -6175.35886391233       -7161.12628033936     
