   41.6197541611175       -1.83444518298594       -7.82695723829509     
   56.4546774644420        48.4924359208941        14.6648571105304     
   60.1828306517814        60.7213897820417        34.7726815813868     
   75.2389959201615       -81.9906393333987       -71.4170352949339     
   90.2534781613939       -128.905684590531       -84.7884097313981     
   99.9060565886513        139.235667202310        89.3239274868345     
   116.892255860678        141.382564970822        98.4044216652025     
   146.909740825328        144.216525832649        118.404911629374     
   174.499782310546       -152.848850017285       -146.572393151410     
   196.871176624189       -166.774904452349       -167.677694588715     
   203.813839850429       -172.259492535310       -212.067476310246     
   207.194585780252       -189.072289612633       -223.447918488923     
   216.250474332252       -224.313587941938       -231.006170764130     
   228.972290735789       -230.799239529340       -253.717463894243     
   241.554226800784       -270.840850917874       -257.922625332943     
   254.600619474295        332.736401982757        279.010305962654     
   266.198065121012        363.519886258890        299.976238166624     
   270.819032541882        401.481417599238        318.701820960822     
   301.879679941212        409.098840494267        322.681775441323     
   312.206774025509        436.752696507881        328.653230112459     
   339.397294163075       -480.324061456496       -339.237811710271     
   385.962719662160       -511.537733755748       -343.743287442920     
   404.805003805510       -556.215658746060       -384.668660550673     
   420.613740715327       -594.015166109599       -410.537615555462     
   427.098484335389       -627.070569452893       -425.081602279774     
   435.181296518751       -632.040712356753       -474.405730239658     
   449.925843287015       -639.841713830385       -504.284740213809     
   462.532243001927       -661.859199338138       -520.178787478317     
   494.626613723747       -674.226673501083       -529.323836557248     
   501.706888788092       -702.895352377209       -539.317450660430     
   533.595485072435        719.584212831495        570.471585812444     
   545.486517306513        726.432308587060        628.696646676933     
   552.779065085027        731.469219559177        692.538821264871     
   576.568165376229        735.427534042920        717.485687516862     
   577.776170053825        748.306506202132        795.812773560695     
   600.317332876203        768.223129042745        806.606449125407     
   627.418428831713        779.458736520946        814.078034954625     
   646.915405052162        813.130565868145        821.051870278639     
   667.518889764535        818.989168299509        843.051324870342     
   671.710648997413        828.889552566369        863.434992456529     
   680.337193658247        850.776324039177        891.555055219334     
   719.742487393836        888.799302097678        941.065918499757     
   734.614517152465        955.398900592623        976.825908254104     
   751.854084483753        968.981844059259        984.071134189021     
   763.339336562430        985.970567070314        999.585722882542     
   782.691595720866        992.580044923584        1034.61696256154     
   807.050814610208        1000.12819071861        1074.90097485571     
   836.620610362816        1056.87963918374        1077.83214514992     
   842.304276072874        1077.81990060240        1087.62574834058     
   865.726465622900        1089.18813570907        1101.91958537992     
   894.624212138538        1098.73260715176        1108.73110481323     
   904.931730666284        1143.68229818399        1114.67887252478     
   918.317011407697        1184.56206851626        1124.62409216458     
   920.882126163342        1211.67903390353        1135.41929207161     
   928.942304205119        1234.96973821894        1175.59721962991     
   940.435978132411        1248.50075109955        1186.66035361145     
   947.367300630547       -1289.41718202510       -1219.63227720910     
   950.686070671728       -1317.14251906173       -1243.04009095365     
   969.213699026412       -1333.08497042288       -1252.65851511801     
   981.095999560678       -1364.21916019965       -1277.28986263018     
   1006.86000838115        1371.71022953669        1323.68201808396     
   1019.26039540353        1378.10466619377        1332.08627682150     
   1027.20810225719        1389.66856748629        1335.57757536751     
   1038.80297776816        1396.46069363220        1343.38045910839     
   1043.27425799784        1412.57531549191        1373.54773865546     
   1047.93862690615        1424.46105643035        1388.20976622681     
   1070.28066525831       -1464.30261403164       -1446.02609826275     
   1080.53435889959       -1469.14237307518       -1503.07241708633     
   1086.80516200318       -1482.55319648082       -1516.71113425760     
   1096.84075728863       -1533.46858552178       -1550.50452333881     
   1107.48159741508       -1588.86001950844       -1562.48163103697     
   1113.56097906354       -1644.51861276675       -1565.87837967730     
   1121.64066560835       -1650.02507266604       -1611.62225553664     
   1136.77669189974       -1656.85351848156       -1653.24590557400     
   1141.61570540616       -1665.62125883643       -1692.33466844646     
   1153.62561008542       -1693.37601029823       -1716.98659066469     
   1190.77042330961        1703.67157714872        1724.31936753058     
   1198.15511229419        1707.79978190127        1757.04128857606     
   1208.61549608941        1732.84117767824        1761.33648821134     
   1214.72181678595        1741.94045668914        1775.77592163683     
   1263.33264036321       -1759.48652437928       -1782.36229803389     
   1289.29434173221       -1764.51585918591       -1818.09760538206     
   1308.22343175975       -1774.40251111529       -1820.74138796805     
   1331.79173556863       -1791.83880029363       -1829.12337782087     
   1342.65408646585       -1802.37279333515       -1867.28662531015     
   1354.21212092091       -1825.24532604379       -1875.57064414480     
   1373.00759637934       -1832.60697000431       -1885.83218972081     
   1389.35595022517       -1849.27186089928       -1909.42706119147     
   1410.98923307403       -1879.86875998676       -1925.38429965903     
   1418.90080956776       -1916.57759148397       -1928.91507963296     
   1432.28089181600       -1930.14137612908       -1933.96447626855     
   1438.16392494402       -1936.59823891289       -1988.60374372621     
   1446.07235192175       -1945.35896111063       -2015.03703782401     
   1452.51368792424       -1971.89800241975       -2071.31004243828     
   1475.06650603370       -1989.52153168072       -2096.96432527374     
   1484.93435867776       -2035.53084252058       -2103.83686123427     
   1494.82544034053       -2098.67697831024       -2112.55720593230     
   1501.07511939778       -2114.78169875814       -2160.61176486504     
   1510.83216271349       -2126.61383870159       -2179.22202368234     
   1528.41245116939       -2132.91034826943       -2194.12579230279     
   1563.89098913775       -2156.66758802088       -2228.68471843530     
   1605.94286003550       -2170.25304563317       -2252.32359217994     
   1619.21438896717       -2201.58201139790       -2274.89609194421     
   1647.13160594482       -2213.60185749004       -2299.34846081147     
   1689.04061624839        2267.03292221146        2329.20209847906     
   1724.73441566220        2324.78264772088        2373.69295956217     
   1767.51224901492        2384.91371219409        2378.64119790217     
   1815.42596329078        2410.19793190712        2391.18369852431     
   1861.76248217925        2423.97670807176        2412.26780412763     
   1919.49746882370        2445.30066743034        2426.24513409794     
   1943.19991345328        2476.19073494482        2441.09461584718     
   1976.00193928117        2493.22775436941        2456.40704698302     
   1979.95219583775        2518.05320209146        2521.78148969919     
   1986.47790192810        2561.25329234669        2551.38909391648     
   2010.96850202032        2642.68296081233        2561.65859375095     
   2030.93360754604        2689.53434384245        2576.18567263241     
   2057.09645873548        2715.65859451984        2613.93296983373     
   2080.30654018416        2769.82990430404        2645.79402019697     
   2217.41052329460       -2791.66507289373       -2675.58800246709     
   2353.93864939245        2812.27371946510        2683.40739186638     
   2471.07297840963        2819.53103182610        2700.66201217071     
   2558.66559237436        2838.10454486583        2716.39991297934     
   2646.58425700924        2851.39904468948        2742.21798607240     
   2733.80202522915        2867.06158543901        2777.70024621527     
   2809.45104405924        2884.78190125526        2799.24495422797     
   2913.88777072741        2899.72227221677        2813.19665941082     
   3059.64668644811        2913.29764044966        2846.30369023901     
   3147.34656614693        2957.53181991136        2863.58187744491     
   3187.91145062089        2997.61020666446        2955.35436551419     
   3221.78497121158        3031.56325135717        2976.28470309625     
   3354.98963380641        3045.92828342347        3003.26651498313     
   3394.91656180200        3067.76090616416        3041.88451623314     
   3451.23567791586        3116.43049903629        3076.69429479026     
   3482.08152841092        3138.14997096592        3089.88042985837     
   3581.34228324184        3168.89213530883        3100.24490687503     
   3632.01914182816        3185.27676301291        3108.34283011868     
   3670.31239119227        3304.72384336439        3129.95920795641     
   3678.18553030205        3334.01307723161        3150.09591333829     
   3715.94826901905        3419.50372557176        3175.87955990109     
   3753.16750403694        3546.09130806801        3243.35557929191     
   3769.67706423114        3606.30357508420        3366.35356781112     
   3803.66286625277        3682.96098670608        3427.99388787792     
   3825.51823319367        3808.14127877016        3449.79306172559     
   3862.35446016006        3880.90380312872        3474.03640284254     
   3908.38455937053        3944.01610169996        3496.40082974571     
   3921.80544709575        4012.27835294517        3525.92806942375     
   3932.76615964078        4055.49644906821        3536.78355684341     
   3969.66099558258        4156.13791606965        3543.79236667137     
   4003.80520438694        4298.33418054446        3567.46962724302     
   4019.65971839791        4344.73549311914        3625.60666345852     
   4030.89720484646        4405.34866204422        3638.45636335318     
   4053.15824894193        4462.77139429400        3711.87769772378     
   4057.82515071095        4504.65646245511        3986.86360295805     
   4073.79155786413        4540.49767750159        4007.62015984530     
   4085.94738175775        4556.33704340560        4026.54260960586     
   4116.32523899811        4569.28834122595        4047.88173986097     
   4128.23823511536        4598.84139094963        4088.71095822613     
   4137.79200782321        4633.44836379816        4152.08073282543     
   4151.13463929450        4652.26070807036        4267.95453679854     
   4161.28193718945        4671.89014028806        4338.72765294797     
   4170.42903761860        4691.10082320836        4605.08684151371     
   4175.05524871377        4727.68294381365        4745.07532337743     
   4213.37619356375        4756.49821539286        4829.25851570851     
   4271.49706739889        4768.10453903106        4884.92802492815     
   4294.83893924268        4778.32281928841        4964.51690332993     
   4327.24320721966        4790.70933796660        4975.62774163885     
   4347.83234873695        4808.57975503927        4999.91660929261     
   4372.87691035115        4849.92205708060        5024.63639792555     
   4413.76980401188        4866.10908913945        5083.86712936643     
   4429.77813184887        4873.16866342313        5143.54651243883     
   4453.56886095314        4893.93633415774        5358.97043420382     
   4479.82818958485        4921.57412219702        5479.93836732106     
   4520.81215004463        4983.48076480516        5547.18988016602     
   4594.76095274581        5022.18837803560        5674.96491445599     
   4623.90365303950        5177.93577126968        5696.52104244937     
   4655.96783317221        5339.34726360687        5723.48468070925     
   4727.62835157123        5413.19301145344        5741.95301174500     
   4808.30375909286        5435.00279184554        5811.05936442417     
   4884.01384543510        5491.01290804191        5896.29989532465     
   4950.12071790884        5516.01907422026        5977.44916189518     
   4966.64784285688        5564.33600916780        6040.61783000687     
   4978.47246547493        5573.55029630600        6200.90809376333     
   5015.11780605668        5579.10606268831        6383.20857168926     
   5046.75182515574        5587.50154682237        6528.80936887968     
   5062.84579608276        5597.15651177369        6598.88170513981     
   5116.71902446265        5614.39989100410        6680.52668643482     
   5210.26769733837       -5624.35667052914       -6786.15238081546     
   5231.11059240858       -5666.93676737138       -6896.70187877651     
   5259.86739492884       -5716.81924764835       -6945.75368051893     
   5288.76395406248       -5821.61192617290       -6987.72879490753     
   5415.46569455999       -5880.17565899656       -7001.08871905298     
   5674.29082098960       -5901.54857276571       -7014.92303405147     
   5777.70375336461       -5933.82768869094       -7024.22499075706     
   5831.13358712856       -6010.60723782022       -7036.55301491097     
   5859.55563303743       -6059.58664945175       -7054.21221870816     
   5893.32587141917       -6085.21573543046       -7072.27793165146     
   5921.60607076035       -6103.31551510000       -7083.74802213866     
   6084.20524405405       -6112.61738963410       -7106.04582524194     
   6204.51197094172       -6138.04674727514       -7140.42239285908     
   6244.01899354596       -6175.35886391233       -7161.12628033936     
   6328.96025955471       -6262.63161945283       -7226.01843473504     
   6399.25730577541       -6378.99845634477       -7246.24347761970     
   6431.69337802546       -6442.39854616794       -7283.94925925893     
   6546.01497866722       -6562.53920887214       -7320.54204624012     
   6653.14706885272       -6633.57313070835       -7337.37881345845     
   6965.40688135959       -6647.93664325269       -7362.10613628351     
   7283.82756634976       -6660.34722444187       -7418.50190537799     
   7466.91590227182       -6780.49691781501       -7493.79543060448     
   7595.14118617040       -6977.88281687046       -7534.26724240879     
   7799.12032907688        7034.97380582101        7652.21105519260     
   7997.05924231867        7092.73455923032        7754.94296939096     
   8241.90865553157        7117.07261180542        7938.88753382149     
   8403.94780395475        7160.05576479910        7996.08830944607     
   8494.88280311067        7301.54642058382        8025.85786259633     
   8633.30659906003        7306.60659686841        8042.59463022918     
   8693.04260950458        7336.61850042354        8072.82389556909     
   8702.74799524211        7369.58376618936        8121.68233237414     
   8756.28670942331        7395.81079063934        8184.31849318324     
   8801.15495778622        7481.68277548234        8243.49203386257     
   8824.26745660334        7540.68402735167        8326.72208983962     
   8838.07891279374        7653.79471848589        8425.07100565135     
   8900.86133868479        7791.81028723904        8518.80933230358     
   8946.93506932672        7831.90858297013        8613.14721463078     
   8989.16894733802        7947.45464587654        8618.83629900500     
   9084.58617600442        7966.91152932247        8728.58760881274     
   9237.16764879563        8032.98820062403        8805.94049385371     
   9467.75827852706        8052.06718170170        8902.94754013743     
   9530.79257279251        8071.83145095464        8937.80881219669     
   9568.30591605900        8206.54464570489        8948.66378563915     
   9598.65754861724        8245.37202919083        9072.63283001467     
   9730.84357877867       -8334.37692695859       -9182.96013046828     
   9755.81368559562       -8469.90922689118       -9242.70024981166     
   9783.30393663557       -8574.11802393247       -9276.69417981758     
   9831.73299976722       -8754.93313057193       -9289.87606225698     
   9904.79320216721       -8850.81865309216       -9320.04394828465     
   10081.6036173359       -8950.40829299955       -9360.38753885378     
   10282.0643429463        9028.11800210880        9411.46652164573     
   10490.8444898625       -9115.89120336553       -9423.17241319352     
   10660.8515136225       -9237.32144702245       -9431.67497836140     
   10798.5947047044       -9309.84013333409       -9470.76810256807     
   10903.6782667916       -9350.84903641458       -9543.59944143648     
   10961.0049305677       -9356.16306278123       -9702.72550041179     
   10997.0465231773       -9382.87042298628       -9972.41212886726     
   11012.3730994177       -9522.53825386866       -10259.4220472112     
   11031.6061182210       -9590.11322584456       -10371.8356546341     
   11097.1696992998        9630.83581767347        10589.6075856893     
   11129.3679663608       -9684.19094135775       -10795.2905012453     
   11142.2526935459       -9700.08266741835       -10955.7752592127     
   11154.3429827637       -9731.32746002357       -11105.5197849510     
   11170.9217682673       -9766.43980395698       -11479.4382457459     
   11189.4614011329       -9783.42170512156       -11687.5617389451     
   11237.0052607060       -9800.19733331968       -11882.8386053430     
   11257.2627304532       -9843.02571070898       -12020.1211444914     
   11307.8200083228       -9858.41953029060       -12100.5417413757     
   11365.2593818873       -9993.23223759130       -12139.9128280226     
   11545.5103306804       -10089.6825226926       -12150.6509604265     
   11620.3763484360       -10188.0589080105       -12205.4968174742     
   11658.9735494051       -10219.0720274984       -12296.5641729074     
   11804.3375088840       -10286.0035544404       -12318.6156024524     
   11937.2193153768       -10315.9543020804       -12329.2962471565     
   12179.7190089050       -10364.5211415705       -12366.4539327795     
   12486.6703733419       -10438.6315755963       -12416.8541554537     
   12789.6824638433       -10490.9950560639       -12424.1715259719     
   12942.2405464993       -10551.7398597649       -12455.9934486258     
   13058.4678501757       -10625.5291036105       -12468.5840108004     
   13221.2158443701       -10713.9438993817       -12523.1775474678     
   13336.1968841962       -10769.8325248678       -12763.9553424551     
   13385.5563546935       -10788.0087497983       -13050.9171288142     
   13403.3412143248       -10837.2807302760       -13076.5671329332     
   13408.0443316602       -10886.0135043331       -13209.1076361863     
   13434.8546048226       -10908.7894251484       -13331.7187875636     
   13458.4975403047       -11047.1835177495       -13414.3933358883     
   13526.3529659484       -11366.2197737072       -13496.3807395702     
   13618.5200457248       -11466.2146381824       -13615.0095787907     
   13756.2778296721       -11587.9335833585       -13748.4996510565     
   13798.0368796530       -11744.2550497207       -13824.7764970705     
   13873.4003940481       -11779.6387179725       -13944.7027366288     
   13953.3615452644       -11796.4076687963       -14236.2955809080     
   14019.1348184312       -11812.0521342813       -14442.8160056188     
   14122.8050841057       -11864.7357888626       -14677.5789806122     
   14263.7749303390       -11915.8421873761       -14723.7201885259     
   14304.1800188804       -11954.4506589981       -14824.5538009381     
   14320.7650419305       -12048.8976788828       -14941.5907772201     
   14355.0865062523       -12097.3175170873       -14965.7787289445     
   14372.3914600939       -12158.1737447634       -14980.4826412080     
   14424.4155416608       -12232.6631243010       -15003.3227801271     
   14464.6853131881       -12265.5634186082       -15075.1135950598     
   14500.4898969210       -12331.9963842521       -15210.3967702137     
   14551.3074692459       -12480.1262762720       -15469.5110247146     
   14589.3933621111       -12653.3939908175       -15531.6130380405     
   14652.8853232152       -12721.4022427658       -15642.0731867597     
   14670.3492875404       -12793.7854159499       -15669.4191754949     
   14692.7310608522       -12930.7523518242       -15699.1608771195     
   14725.2074006210       -12992.7131268325       -15925.6548330757     
   14801.5740020241       -13041.8193204170       -16032.0529474112     
   14888.8248258448       -13067.2683217816       -16111.8774291982     
   14999.2195917245       -13081.6958403196       -16212.6216076354     
   15034.3601314535       -13137.4602207707       -16282.2589131223     
   15065.5697688306       -13172.0060194552       -16564.0237451465     
   15096.3346624116       -13193.9386217636       -16725.3135149779     
   15238.9925287080       -13219.7657606577       -16751.1017343212     
   15513.9113045089       -13288.9399753736       -16808.0336531985     
   15672.1318242404       -13444.9367235238       -16820.1055177511     
   15979.8177951552       -13530.4286023994       -16853.0708697447     
   16226.2075935599       -13637.5554955026       -16895.5012363666     
   16508.6555518840       -13783.4411577192       -16909.5837607646     
   16700.7639261068       -14005.6398256520       -16923.5006391988     
   16770.4359415383       -14193.9657862008       -17040.8173248017     
   16829.8931238990       -14507.5755373805       -17168.7026501006     
   16935.6300575973       -14633.0312411106       -17343.4569968092     
   17223.2164310232       -14667.8906263217       -17453.8385472479     
   17420.4718446039       -14707.5425466855       -17575.6518440480     
   17579.8250430582       -14819.4070057492       -17707.8221381700     
   17782.5376007616       -14908.2689251100       -17860.7945793291     
   17979.2368480468       -14988.1075052329       -17895.3476520629     
   18091.0034181519       -15180.0589688326       -17970.6261109569     
   18330.2101476958       -15332.3993707878       -18010.5466950765     
   18605.6134826263       -15365.6789285793       -18202.8468991082     
   18782.9437027084       -15388.9392361915       -18363.0125717567     
   18899.7167151718       -15463.3466290775       -18433.7941097849     
   19017.9182596291       -15513.5149270431       -18596.7632848158     
   19084.9932424683       -15528.2901306433       -18831.4148761083     
   19105.2311196781       -15581.4685653147       -19170.7662940086     
   19120.7279492765       -15775.3767914274       -19372.5231381864     
   19140.2442448866       -15972.8456259723       -19707.5176653761     
   19217.1360541161       -16105.8704543512       -19919.2043485277     
   19279.7411614559       -16164.3444890570       -20140.8434746800     
   19324.7355573112       -16233.4307359022       -20277.1299938922     
   19387.7104791366       -16299.9445805861       -20382.7205633789     
   19548.5174657322       -16349.3061124543       -20462.2167633127     
   19672.9525244255       -16377.8455108328       -20531.9181800970     
   19911.8301428776       -16396.5938238731       -20584.0119556077     
   20370.9538819998       -16434.2138533258       -20612.7807326830     
   20739.9765769961       -16520.3629060588       -20646.4229165432     
   20998.0933175409       -16590.8692611996       -20666.7847788713     
   21319.8358279482       -16675.6484783279       -20726.1863565580     
   21667.3626895290       -16695.7823373666       -20849.4968441486     
   21991.8792266007       -16724.0249648716       -20931.2706760335     
   22269.9822410863       -16736.5099633193       -20992.8445611798     
   22408.5375917364       -16783.7611633203       -21094.1852104666     
   22499.9556043488       -16865.4585060522       -21222.3577322834     
   22596.4616688038       -16966.5995820958       -21290.3878267988     
   22655.0059398971       -17119.0259603096       -21346.9736908669     
   22691.7685824510       -17302.8229451845       -21406.1390560763     
   22829.7629097510       -17407.2245146461       -21468.3503500051     
   22964.5952525779       -17543.6785245323       -21571.5207671788     
   23202.5900497403       -17554.5734328651       -21672.1493832252     
   23541.5182752926       -17576.9270521212       -21709.6926366963     
   23936.0131952970       -17616.4188582134       -21765.7510502937     
   24343.2419863015       -17667.2056213230       -21797.3840815686     
   24512.9236342009       -17778.8714220951       -21993.7188724673     
   24602.4760650161       -17903.3029679646       -22131.1113863464     
   24697.6203919594       -18021.5469091890       -22179.9206950501     
   24783.3535687848       -18075.0302183746       -22239.5456869792     
   24887.5440419063       -18189.5380988652       -22312.1134614993     
   24931.1919367274       -18280.7354584629       -22404.4013869315     
   24979.5208218072       -18339.1032474666       -22471.2690202017     
   25054.4239241294       -18406.1013938225       -22588.9058580262     
   25179.3084305622       -18501.4449019605       -22698.2386651530     
   25260.5336546050       -18550.3790868066       -22842.5073006505     
   25336.8732725297       -18618.5897658362       -22939.9729441177     
   25364.4081104091       -18635.6478525600       -23046.8800103374     
   25380.9063249491       -18690.0349899420       -23105.3033618886     
   25404.2669820546       -18793.5877634831       -23169.3290904004     
   25470.9656214118       -19068.3453803640       -23200.0287377912     
   25505.0653972836       -19359.9403651901       -23296.9870841956     
   25584.5012921162       -19489.1893637769       -23336.1344571218     
   25826.2357330845       -19571.3301336873       -23355.5616067512     
   26032.4485336385       -19732.6072125908       -23392.7509114139     
   26207.2053334776        19908.6111575409        23472.4124063933     
   26313.1445389235        20131.6128097739        23629.6742680741     
   26367.8761927370        20314.9363511921        23736.3113155214     
   26395.2308766766        20456.4166780693        23810.5677359606     
   26415.6964362280        20646.2708641231        23908.1766053420     
   26424.2566198537        20814.8673383516        24019.8823439963     
   26444.4052932997        21008.1416277709        24118.7340772830     
   26511.6766837305        21265.7036714812        24156.3267553467     
   26548.1627082298        21493.4723859502        24275.4804273001     
   26600.2871928344        21635.6932346179        24440.4661368701     
   26623.3914199906        21778.0921683600        24661.5292542179     
   26679.6542287865        21969.4117601222        24713.6347365062     
   26791.7418758710        22095.3475558698        24772.2171793077     
   26927.6700284274        22185.6057867324        24824.8773262728     
   27141.2263184360        22314.0903543746        24855.6778797400     
   27303.0116706471        22464.2027544254        24980.4572727477     
   27759.9812303334        22529.6073300370        25011.6677347441     
   28012.0769978379        22686.7427865803        25046.1162659710     
   28245.5356323731        22857.9408351987        25072.8269162556     
   28627.1785069966        22941.3781587567        25105.2087660255     
   29024.8901888797        23060.8794703871        25126.6475487253     
   29272.6375035834        23405.1716359834        25132.0335503261     
   29465.4703213697        23729.9127447448        25138.6691458613     
   29671.4215907508        23968.5142421240        25165.4613818125     
   29842.9808557535        24071.7682348475        25239.5519525890     
   29948.6537181159        24100.5313032191        25362.2008478234     
   30091.5595811404        24125.7125081093        25433.0840005918     
   30195.3460415030        24148.5157505793        25502.0609426687     
   30256.6892888470        24198.5581514212        25633.2377638504     
   30397.5681417101        24276.3737744294        25768.2923432478     
   30488.3463548273        24388.5839177701        25936.2568373006     
   30663.8634838336        24472.3166123629        26089.9944178900     
   30982.6826821177        24500.2115795694        26211.5571269287     
   31560.4091836785        24537.4107493994        26228.9355397185     
   32035.8251823086        24605.7199228991        26253.5378540221     
   32641.6360950357        24637.0711475206        26269.6650421520     
   33106.2297824116       -24697.7685784607       -26289.7668483021     
   33609.7596758347        24716.1533041458        26317.6821641589     
   34141.9060424584        24791.1087370011        26415.3449376566     
   34697.4919468306       -24844.4822965640       -26533.3501238979     
   35309.3903589349       -24865.9361640272       -26584.3231993830     
   35683.5047044912       -24952.6132081983       -26657.7966432423     
   36036.5243259025       -25047.7796410905       -26796.7001325215     
   36219.7448497745       -25289.4414805115       -26924.5909722048     
   36299.9395542842       -25526.4703198515       -27269.2707528501     
   36337.3309735247       -25675.0453993929       -27629.9363797139     
   36376.1012545730       -25778.3644178481       -27878.7586477067     
   36403.0647561455       -25880.0261047608       -28209.7645313728     
   36546.9238726698       -26005.5669487416       -28391.0559175625     
   36788.8490461092       -26123.2158216610       -28562.6635422529     
   37009.6950564507       -26244.9070249517       -28667.8532086685     
   37135.4725029201       -26405.4366612592       -28700.8830786776     
   37367.3804425246       -26554.4732199746       -28754.8810408466     
   37591.2493291387       -26644.5780340387       -28811.5506172962     
   37932.2915516049       -26754.2191374067       -28838.5489199549     
   38240.1846733177       -26876.5314013449       -28862.1547034875     
   38553.8548433105       -26958.8793338981       -28895.6115412547     
   38943.3809091097       -27066.5031111067       -28899.7697520172     
   39359.0637815430       -27236.7649928077       -28935.1740612444     
   39577.8253108411       -27426.9013640947       -29009.8943142737     
   39965.6712137027       -27568.3741178692       -29072.2828539593     
   40219.2551783233       -27992.8050085970       -29074.8981916992     
   40669.1547197558       -28175.3156955160       -29114.8444786997     
   40929.0250580911       -28397.5967106078       -29174.7722374617     
   41404.6010460870       -28439.1669764653       -29228.1013443769     
   41930.3266334120       -28503.4273663380       -29301.8404422726     
   42576.1617599838       -28542.5151543765       -29315.0957672205     
   43062.2164584839       -28654.8939641959       -29333.9857622837     
   43525.0764195584       -28744.4201986316       -29416.5411320738     
   43939.8736834634       -28916.5720343052       -29432.2654096684     
   44214.8121579834       -29091.8461311027       -29473.4283737020     
   44428.0672256823       -29394.2440439604       -29482.9170847579     
   44467.5344827412       -29701.2042655054       -29571.8132514990     
   44512.4597779224       -30031.0540739532       -29638.6988106372     
   44543.2892787253       -30269.1570330483       -29714.7626482042     
   44563.3147131260       -30491.8013022867       -29827.9618543980     
   44582.9112994063       -30792.1383900232       -30014.0282819899     
   44652.6124343231       -31182.6534517886       -30182.4098196549     
   44822.2828056632       -31560.8013081455       -30243.5851129235     
   45023.1526674375       -31860.6384777503       -30289.2640416819     
   45136.5458951118       -32011.3884882711       -30426.5058536838     
   45188.3985759118       -32239.4399014399       -30570.6544457292     
   45273.0333949416       -32478.2591179904       -30876.1670639884     
   45312.1247767141       -32733.8778145580       -31138.5953207032     
   45468.7307094012       -33027.0816143414       -31265.8645724479     
   45747.9000697857       -33289.9349210238       -31291.7782194992     
   46019.0424899982       -33625.4336577787       -31307.1891537753     
   46238.3376631208       -33819.7489408871       -31502.0036985148     
   46487.5507940203       -34094.3305549722       -31635.4041457604     
   46632.2798958346       -34435.6340297628       -31719.3482715870     
   46757.4056526207       -34902.4165607213       -31726.4620404155     
   46905.3706853335       -35295.6828056631       -31791.1728298993     
   47081.8142913693       -35598.5212810788       -31908.3533449532     
   47288.8248424113       -35732.5678630757       -32142.3948413029     
   47465.6905997867       -35832.7492813007       -32462.0930934995     
   47835.2035007499       -35850.0037121753       -32634.3019381635     
   48102.6551154401       -35906.1751103562       -32898.6207021709     
   48541.3085630220       -35915.4741164432       -33027.1313110034     
   48970.8216553861       -35934.3024806748       -33150.0180682234     
   49338.9233035056       -36004.7820854027       -33166.7655781747     
   49854.7190559609       -36036.3501955912       -33196.2726856373     
   50350.6798608773       -36046.0938804753       -33255.1695199823     
   50870.8837244983       -36070.9201974511       -33298.0491445189     
   51494.1930665256       -36086.2091743201       -33342.8274622519     
   51945.1356715511       -36142.0600241221       -33365.2727994449     
   52326.1537496996       -36212.3193377966       -33428.9593284261     
   52681.0134198730       -36327.6409233562       -33471.5895719378     
   53151.8146419972       -36464.3576717882       -33485.0407550123     
   53303.9802166217       -36677.8374808687       -33661.9327156570     
   53436.1508251726       -36744.0723887863       -34090.7321513302     
   53465.1830661181       -36834.3134385708       -34522.3085526275     
   53615.9756883961       -36907.0697259412       -34947.2474565559     
   53827.2082742227       -37044.2682481489       -35231.9611712317     
   53921.9050808038       -37088.7733277033       -35667.7799916307     
   54138.3820582173       -37181.8166029693       -35992.3804994908     
   54406.9574218470       -37314.1858071193       -36128.4130240769     
   54597.7653672793       -37401.4075807524       -36227.7509474676     
   54878.5075817097       -37523.4786654711       -36369.7113418401     
   55307.7095056448       -37653.7183357763       -36491.9117088740     
   55624.0849586763       -37784.2900779875       -36668.7780783014     
   55782.3788559411        37827.6818022549        36993.1315732188     
   55941.7737465713        37848.6305503898        37392.9905008107     
   56097.4608784618        37873.6861308390        37793.3368569670     
   56321.3791071700        37893.3209902871        38137.2962279788     
   56498.9852465334        37919.7664621727        38498.0375034007     
   56679.1644926006        37936.1013128658        38945.5599750443     
   56914.4148944644        37941.7199175828        39274.3232104550     
   57116.9449489668        37961.6103016297        39562.0540692904     
   57269.5958465614        38016.2511878549        39780.7244278818     
   57475.5621831942        38039.5657552096        40077.3062494663     
   57678.0861798500        38062.5276239812        40366.1487436807     
   57685.8059215153        38071.6496984073        40371.1711351432     
   57700.4052174498        38080.4328591998        40386.2737924072     
   57707.3779128438        38091.4575628766        40393.6991038495     
   57716.3892460032        38102.4806246115        40407.2053476196     
   57722.5295741022        38116.0106568291        40412.6198012548     
   57733.7188236626        38122.9049154470        40422.3612923030     
   57745.3748288556        38132.0307260860        40432.7066579812     
   57759.7031206718        38147.6406606326        40438.3253309043     
   57771.2375669893        38161.9557458888        40443.3021305403     
   57778.5232868099        38181.2092660313        40450.8452550920     
   57794.7492262447        38185.9474745006        40462.2615928845     
   57803.0971453680        38198.8102351684        40473.4956218915     
   57807.4767728390        38215.4912792494        40484.0571555624     
   57813.6751752487        38225.5201924844        40503.7722060401     
   57824.8599751056        38239.7541653569        40510.8795293431     
   57835.5329538738        38253.3206086139        40518.7797512706     
   57846.8033214795        38270.5838974292        40533.0884424850     
   57862.9724871927        38279.4585013396        40542.6165013261     
   57869.6570462982        38293.6002391248        40564.9575162179     
   57881.5833922455        38304.3994860535        40569.9577850069     
   57892.3488595135        38307.9236833933        40590.3485585525     
   57900.1587367578        38310.7605958010        40610.3209441669     
   57908.3603983445        38326.4478972685        40619.5719408821     
   57920.9002828679        38331.2667931901        40645.7678157979     
   57929.4164562470        38342.8812386252        40653.1469686573     
   57943.3733218826        38358.9466996628        40663.9415633814     
   57950.7025015287        38373.6743649791        40672.1251305950     
   57954.7899167862        38377.9563238589        40690.7597134937     
   57957.3150541503        38392.1733500120        40710.1828820057     
   57989.0807414726        38406.9297996220        40715.0466158653     
   57999.9389986563        38418.4753339419        40725.6755729142     
   58008.7506155404        38431.2804235542        40732.7535151396     
   58019.7077405333        38436.9467075144        40744.4347506559     
   58031.7330141957        38445.0848828931        40754.8663913931     
   58048.6546875986        38458.9038736810        40761.1705506308     
   58057.0485835587        38472.9900447203        40767.3381840725     
   58063.8711517728        38489.4917741410        40771.7546578796     
   58078.9712035563        38495.6651927397        40776.7286782733     
   58089.6587231278        38504.9155071604        40781.7944246470     
   58103.0447485884        38517.4227305267        40788.1308249940     
   58116.6979243837        38532.1272448315        40799.9518175614     
   58128.5782397923        38541.9605264900        40806.4944138014     
   58142.6760773285        38562.2476458597        40822.6209827144     
   58148.3189783298        38573.7356921715        40835.3230082989     
   58169.8431748597        38580.5774833339        40845.2493521511     
   58174.8542926156        38590.3482669822        40860.8340721554     
   58181.6741211478        38595.6138712163        40881.4834688014     
   58191.8624816752        38602.1490483465        40894.3667456816     
   58202.8008392311        38636.4595579557        40904.2545313126     
   58220.9857858007        38647.1756648929        40914.4483606105     
   58228.7901133609        38658.3484568475        40920.8355035831     
   58241.5294847631        38663.0762267161        40937.8252139738     
   58245.6254885939        38675.1988062583        40970.8744418788     
   58252.3787386557        38686.5478571036        40988.1892872153     
   58258.1463274185        38695.3251284248        40997.9200322362     
   58268.1718383306        38703.2403774492        41006.2383857733     
   58289.1758121562        38709.9476449451        41016.3365990881     
   58296.7853530205        38729.2313502652        41024.9238324659     
   58308.1502318948        38731.3744958492        41034.3971676223     
   58321.5424755970        38735.4113195867        41059.7837946977     
   58332.8796391637        38741.9707085861        41078.7759174156     
   58340.4727780535        38747.0337370280        41100.0230308734     
   58354.9729027037        38757.9486256345        41107.0135836516     
   58362.0921138071        38770.8015793466        41122.2663461152     
   58368.8092606889        38780.4987974899        41128.2877246202     
   58379.5437163370        38787.6088632339        41152.2801829178     
   58384.9048837423        38798.0620665991        41163.3420607525     
   58395.1512195848        38814.1629496526        41169.0417887100     
   58417.4490936919        38826.7181591368        41176.1969833354     
   58429.7369213547        38833.7409148959        41182.8419074707     
   58438.4935502547        38838.0511547898        41196.1649077711     
   58447.3298770588        38847.3856287196        41205.9664104134     
   58456.8731568621        38859.8082062935        41218.8278904470     
   58462.8962890319        38871.1700608139        41235.1184562705     
   58477.8765323798        38884.5961937823        41242.7476106941     
   58489.2699271285        38904.0234894525        41247.7176293343     
   58508.1502611292        38910.2665405222        41262.8112255096     
   58516.4912416806        38916.8381725591        41282.0769534634     
   58537.8075485767        38922.8716995631        41287.9800982488     
   58544.2677064390        38934.0008373762        41303.6258049976     
   58564.8491893061        38944.6032074097        41312.7090322772     
   58572.8243282573        38949.1552850793        41324.6426019819     
   58583.8455354899        38959.9429107615        41330.9255827901     
   58607.0115048496        38967.5894310006        41339.9366893688     
   58630.3586835173        38973.3142304966        41358.0064239127     
   58641.4248483933        38981.5862087951        41370.8391285518     
   58648.1453853500        38997.0372435395        41395.6194806595     
   58656.7622048310        39015.8022293624        41402.2607428459     
   58681.0295929150        39020.8819209273        41412.4898007469     
   58694.8642686511        39035.7381172922        41419.5974842372     
   58716.7390399532        39039.2352320932        41434.8692407405     
   58725.1643280468        39050.9314318779        41454.8919396933     
   58738.9717899730        39059.9420193130        41464.6135268077     
   58751.9340665896        39071.3016511330        41474.8436428721     
   58760.3435854212        39086.3591086724        41490.4952821265     
   58766.0732851131        39095.9540174354        41512.1192980112     
   58775.1732287169        39113.2276083781        41523.1525222523     
   58781.1758415614        39120.0169377187        41534.3514560963     
   58799.3512958626        39123.1378009376        41549.2355572583     
   58812.4234993299        39136.0362195093        41569.0888348572     
   58843.1312811700        39153.0717915062        41615.4452225471     
   58900.5326062413        39173.5408079115        41641.5788316202     
   58938.6403285303        39183.1646192866        41668.1445561447     
   58990.8156574190        39194.1417271316        41693.2752602832     
   59026.1949846258        39215.5374966565        41704.8436965109     
   59068.2085868243        39262.8385835047        41723.6007309928     
   59098.5770850267        39272.6752441812        41747.6475793678     
   59114.3843293666        39310.9966002740        41772.3499314495     
   59137.8109056903        39337.3177693254        41789.1595384492     
   59145.3499715357        39366.3427119911        41810.4754014122     
   59170.6307947282        39384.7114368219        41838.8570622833     
   59181.3650667657        39403.9277740267        41889.6385399675     
   59188.2733907584        39438.9907941067        41902.1537323151     
   59234.4958112810        39468.1872323313        41912.6390559619     
   59257.5876670790        39500.1634541087        41918.0931647668     
   59267.0188229373        39546.8443724822        41928.9904237198     
   59290.7746809422        39598.3795363805        41939.4837690862     
   59313.0212630192        39625.7385648492        42003.9981945356     
   59366.1947444330        39635.5375297186        42034.9920379023     
   59404.3764015732        39670.9049813191        42043.9701407514     
   59448.1612911734        39675.7776611397        42077.1661952424     
   59460.7768188707        39688.3078370196        42094.2045534823     
   59479.8070258308        39698.9085100318        42122.1501204167     
   59494.3975656257        39707.8406093590        42166.1660101908     
   59519.4870538340        39728.0076944707        42175.8649902070     
   59531.4337392778        39742.6697497575        42226.6910061946     
   59553.1054554124        39754.8026660397        42238.9762498909     
   59572.9602344758        39770.4669614483        42254.9208154440     
   59596.9944289643        39783.6899856991        42269.2613778059     
   59617.3455007795        39804.2981510683        42288.9164885646     
   59663.1498767106        39815.7083217853        42300.6911209531     
   59715.9820410967        39823.3374867383        42313.6268007126     
   59750.6043538306        39853.7372297066        42340.5687663340     
   59762.0412692502        39879.5104496582        42366.8694511975     
   59774.2271339023        39902.4727811362        42398.3492436586     
   59791.5918891778        39951.9989847489        42405.2561051535     
   59801.8943956781        39961.6309886445        42475.4202670303     
   59829.4071514545        39968.1562212398        42511.3938475224     
   59840.9676464082        40018.3753787689        42520.4715949986     
   59881.7621291751        40074.5821135117        42533.3598353033     
   59888.8921252806        40115.5394460161        42560.8805208129     
   59932.2290202130        40131.8151268692        42565.9672517423     
   59967.6872559540        40157.5821169246        42587.8015339932     
   59980.4511444102        40164.3318392897        42602.8715499091     
   60043.1174100970        40182.1757998094        42632.7236213970     
   60059.3437917253        40203.4464617654        42648.9813821675     
   60085.0604591332        40213.8823607589        42665.7393884036     
   60104.2774778040        40249.7583546487        42677.4533460979     
   60133.4577304381        40286.0618165331        42712.4384240093     
   60152.3802185983        40351.4274131662        42736.7890996659     
   60164.7614077548        40399.8677521993        42752.0187758139     
   60235.9602776192        40406.0177557934        42769.7469258982     
   60261.3662813461        40436.4435394727        42785.8235231578     
   60300.8138519555        40456.8637404210        42822.5261220612     
   60321.7631707602        40468.0547012366        42842.0821053562     
   60328.8456213016        40498.2610685578        42857.9053804685     
   60369.2256848959        40529.6504252048        42893.5528341136     
   60373.5087908303        40555.6404343796        42930.8755807749     
   60403.0912102444        40581.9920979426        42982.1528906943     
   60445.7700513313        40594.4477178268        43028.1714027381     
   60469.6118031872        40614.9587177022        43043.3964750855     
   60498.8709733557        40632.6764391781        43090.8345641995     
   60528.8828994679        40649.5434807357        43134.4117403986     
   60534.7934238795        40697.4317005162        43193.4970460098     
   60560.6721275451        40709.8687031073        43201.6046721921     
   60620.7852733782        40719.1902604323        43212.0432019623     
   60660.8914706399        40731.8763573803        43226.1251768242     
   60688.4857258230        40741.7884030264        43259.9546756486     
   60708.3834412702        40764.3461083486        43264.5605287176     
   60738.9701274198        40778.2638473760        43280.3254931064     
   60749.8260450886        40795.2534662417        43300.9925885310     
   60782.3688966901        40806.2366618931        43341.4901248357     
   60800.2884759718        40828.8053925154        43366.9888919237     
   60818.3575338732        40841.8409260683        43441.5651159320     
   60851.0690679821        40847.9017977488        43466.0549740417     
   60871.2009180721        40861.4173439247        43506.2635528201     
   60892.4782446091        40884.0225308442        43540.3976320917     
   60912.5439326868        40890.5151230110        43568.9708998929     
   60940.2541778373        40946.3721802238        43611.2123497264     
   60961.1149056721        40954.6000225643        43638.3282908535     
   61020.1303319881        40962.4433946466        43678.1607183994     
   61028.9397775214        40981.4204224142        43716.9194415188     
   61048.2307951428        40994.3005789603        43742.4521660950     
   61087.2440397052        41034.3858878484        43766.0577163526     
   61106.9412119988        41064.2302445996        43779.1700740992     
   61112.4802569485        41103.0896882894        43832.2026258006     
   61170.1641928973        41113.1221132690        43842.4118648278     
   61187.3448396868        41139.7824260393        43898.5863868600     
   61201.8576096818        41161.8079991479        43925.6072422690     
   61217.6337071212        41182.7687139544        43947.0366788978     
   61258.9595817021        41206.4895316980        43963.0736221566     
   61268.6597877233        41235.9690166789        43994.4647769633     
   61294.5220831260        41249.5169553951        44042.1404533316     
   61313.9268050726        41258.1071592865        44072.1723334599     
   61329.4731540208        41286.2534095550        44102.9018452714     
   61366.8406631900        41332.1047024613        44146.0901661981     
   61390.0597031423        41351.7627003684        44150.9930673457     
   61403.3688046383        41379.7460152026        44165.3615779522     
   61416.8538693727        41399.9695669285        44183.2895362151     
   61458.3527662180        41406.3471584994        44211.0234392016     
   61484.8824599445        41479.0477690119        44251.0318526914     
   61523.2086260672        41500.1937353763        44317.6868813444     
   61542.5302054042        41558.9544392794        44371.1786485285     
   61567.1776363140        41576.1519639239        44413.1361886604     
   61602.1887080639        41594.8682751627        44466.7103088294     
   61641.3237930868        41663.7737265307        44510.8880379598     
   61725.4822934479        41669.0238620497        44599.8176050153     
   61731.9092537133        41739.6072255365        44654.8898478305     
   61761.7673767166        41768.7048142722        44704.7717206065     
   61803.8525340047        41794.2360064734        44717.5436684891     
   61860.1895255976        41819.0883101813        44730.9566323382     
   61922.4441778969        41850.5708769649        44747.4310832669     
   61953.5221001095        41917.1100588922        44770.1683109075     
   62010.9780484985        41977.1634549119        44795.7724353487     
   62051.5383062379        42018.9983092189        44819.4085553058     
   62070.8198970640        42084.2369348675        44844.4447912495     
   62105.3086879628        42099.2928478232        44871.5589422816     
   62135.7801238922        42119.7097401695        44925.8318727010     
   62254.4481616075        42140.7794841832        44930.8356906529     
   62261.2844310629        42247.9822884841        44968.6036587921     
   62310.2997738557        42263.7392559370        45043.9439192788     
   62383.5557280753        42308.5721364051        45088.5321383486     
   62448.3915279528        42346.8722823016        45110.3850917686     
   62483.7444345305        42364.5404056986        45150.5679661393     
   62515.2076463977        42421.9105288851        45164.7956928039     
   62575.3422723976        42471.8894071431        45202.9341732738     
   62614.3351638067        42492.3583197069        45257.1466139965     
   62697.3921081973        42515.5878234357        45287.8693087858     
   62750.5654549353        42543.4546677617        45312.6494141648     
   62836.6877536385        42587.5398801767        45317.7373105314     
   62885.0412191278        42628.0284596614        45351.0263830502     
   62970.1543775447        42642.5817302763        45367.4684304720     
   63016.6640525593        42669.7773593551        45447.8146826339     
   63081.3277678109        42681.2951978963        45492.3696659801     
   63114.0425918324        42701.3553862740        45518.1594158176     
   63167.7649707709        42733.9038066127        45558.5459455135     
   63259.0428544223        42747.2521228200        45585.8589276934     
   63283.0280814365        42775.0915515255        45608.6039311858     
   63346.1686768542        42793.5259626131        45656.8711200565     
   63396.7072217348        42837.7359374092        45707.9072274876     
   63428.3585365360        42862.4369398151        45785.4363621169     
   63492.2420677630        42890.7699496843        45804.8669359997     
   63541.5959997336        42935.6811616474        45819.3085450607     
   63551.2116853312        42968.3526039974        45879.5512203485     
   63600.7409870711        43011.3794894500        45893.9001469812     
   63664.9780057511        43041.4127727251        45954.7845042041     
   63709.5765562402        43076.4052578398        46016.3115563793     
   63783.5802966817        43128.2761714842        46045.9522660389     
   63881.1935169594        43153.4168137677        46080.2039384568     
   63928.8679265363        43194.0099187704        46154.1077814373     
   63941.4214277820        43265.4596215362        46220.6444496906     
   63999.0389212405        43293.5302777183        46238.3961438810     
   64006.4276704847        43323.0614154104        46341.1168118748     
   64059.9727177152        43355.5506811985        46378.6013171020     
   64100.8879507272        43400.6525579803        46435.3444461104     
   64132.7267815357        43455.0334831779        46465.6731003576     
   64143.0987064515        43506.3551292140        46487.7404988909     
   64203.9165622787        43538.2565439146        46518.2670654622     
   64228.8585795776        43565.7561555724        46552.5684886626     
   64257.7813234457        43587.4178091142        46580.1686188694     
   64294.4703386657        43652.7788512854        46599.6270013403     
   64316.1240314068        43671.3754151766        46646.2819507210     
   64360.6209533224        43753.9892982453        46653.0325872247     
   64379.9698910867        43781.4360274371        46707.5562385018     
   64436.4358277757        43798.1865084668        46774.9002112571     
   64488.5506806446        43816.3477598290        46809.1160316552     
   64543.1327644255        43834.6284351192        46830.3564188091     
   64614.0591977713        43839.6435432560        46906.9557928900     
   64636.5047596224        43853.6062589180        46964.6604207274     
   64664.8913290688        43861.9300760248        47003.1563168193     
   64692.6759683544        43880.7557537105        47026.6011203640     
   64718.9049110667        43940.7655237326        47051.0957117512     
   64779.0612127388        43995.0030877331        47072.2568576053     
   64796.2302176911        44048.8282228100        47111.7287353423     
   64840.3546080524        44082.5058092153        47122.8118730359     
   64881.3879302298        44174.8424163713        47138.6359956763     
   64932.5273490207        44221.8220156950        47163.7798611110     
   64952.9973952018        44297.4003518985        47188.5759725670     
   64966.8943433777        44343.8113863299        47237.0933055832     
   65013.1778329458        44402.6778523445        47276.1606007759     
   65078.1011714409        44479.9272831545        47295.5039941792     
   65124.3375183015        44530.2528133112        47314.0912695063     
   65149.7919084753        44575.8203094319        47330.6656689821     
   65251.5464051246        44608.0373500352        47345.5488650500     
   65307.0853658696        44696.9304799828        47353.6076944579     
   65337.0949829242        44740.8472787063        47360.9719144069     
   65365.6421392071        44837.7069526237        47392.7073647116     
   65442.3663576365        44854.1931888038        47409.8060293574     
   65458.2861740624        44893.1790397892        47461.2209534463     
   65477.7609255256        44975.5953377584        47476.5972820049     
   65490.2392526446        45001.1840784094        47525.5120272060     
   65507.2783418697        45041.0020314554        47570.2974870283     
   65522.3861565171        45056.5295030730        47596.6551499158     
   65554.9809006819        45074.4557836081        47674.7916853844     
   65570.0310057086        45126.9523016953        47752.4824734743     
   65581.0709859332        45149.9041989483        47825.9954798818     
   65594.2540179534        45232.5040840612        47879.4150858161     
   65618.2970257495        45252.0828497835        47948.5997170466     
   65658.6448108717        45314.5652388605        47972.4007327746     
   65715.5561976257        45332.1896242435        48026.1174030672     
   65746.4826201523        45398.3296226578        48080.2384130392     
   65829.9703390780        45460.3075409463        48123.4564117922     
   65869.7250468097        45511.1468592017        48229.9116197684     
   65977.2251938859        45528.4532664243        48286.5969850196     
   65990.7717867509        45560.9637276055        48404.8984846435     
   66037.4959335174        45604.6871710306        48509.8134790044     
   66046.4401224738        45682.4584882239        48611.1740076748     
   66096.0918500164        45737.8799564673        48696.8766000578     
   66149.7233760011        45808.3031655259        48717.8279980184     
   66231.2805448836        45890.4895152482        48730.4754633346     
   66344.5440285395        45922.3252721734        48775.5937074192     
   66428.4543366880        45966.7953391932        48819.1376322743     
   66524.0314325616        45974.5970523182        48881.4725203040     
   66619.1167201669        46018.8670203073        48928.7887325092     
   66627.6588814214        46142.8239503044        48990.6996809830     
   66704.9404915446        46214.1787110466        49013.8944189692     
   66737.0934686569        46245.2807290624        49131.0811309554     
   66818.9330197705        46314.7170327038        49172.8823937237     
   66841.0642387726        46399.9810594293        49206.1712727477     
   66852.2264971144        46463.7554517685        49238.0080059071     
   66891.6162501215        46563.9651441907        49287.9123191299     
   66950.1347135783        46635.7808738726        49325.9171179364     
   66967.3856686086        46745.2088689522        49353.0937257563     
   67012.4781489848        46799.8646552555        49407.9803494028     
   67059.4302245130        46897.3634587267        49429.9384749879     
   67091.3869075683        46945.1336478689        49533.6707529396     
   67121.8570388320        47042.0065645942        49614.3728991924     
   67172.0007255679        47092.2432506430        49715.2409576512     
   67211.6023246796        47161.0465548992        49745.6102124563     
   67262.3002917313        47186.6210486687        49836.4476568543     
   67317.7747315456        47227.0429572597        49887.8420944786     
   67358.7042189530        47275.9522380907        49950.7102059666     
   67456.9119230524        47291.9519706272        50029.9047089959     
   67511.7116386220        47319.7243549589        50136.0152806196     
   67583.5294277408        47334.0569515219        50196.5300703050     
   67672.5781128289        47375.9001265251        50242.0599623634     
   67747.4398288415        47401.4347263313        50312.2260985307     
   67843.5302386697        47482.7841009428        50336.8995975320     
   67966.3775265887        47525.7352771593        50363.1159915983     
   68040.0167830430        47633.3283026485        50387.0400987406     
   68114.4600696889        47650.1016204398        50489.7947605975     
   68141.0514705172        47710.5829394363        50569.0073727771     
   68221.1448355786        47718.8474725705        50646.0538147755     
   68309.5534069222        47726.5054190683        50750.8744371810     
   68404.7691139255        47734.7133869014        50826.6673643962     
   68492.6655865841        47782.1701890139        50875.1762964534     
   68526.6499516105        47811.3545791187        51017.1148077631     
   68599.6867559792        47841.8670713290        51089.7464698981     
   68691.6477282004        47880.9881975420        51150.4735321359     
   68708.3503381738        47962.0152478028        51234.9436895630     
   68787.6210984707        47977.9566681578        51297.3482434640     
   68865.1818146464        48022.1240509295        51374.0602229835     
   68895.7987987852        48053.2503240640        51452.2498496129     
   68989.7867681020        48082.8990535486        51529.9757769940     
   69004.1997068187        48162.8707006866        51605.7457883149     
   69053.1734256386        48196.9830665608        51690.7423557046     
   69159.1869262210        48261.0339553495        51713.9259416403     
   69199.5404635994        48294.0273045351        51811.9100832119     
   69263.0848256401        48333.1970889408        51887.1697694729     
   69287.6666006437        48448.4900937651        51934.5700233284     
   69355.8029198352        48506.0886794020        52001.5434213934     
   69430.7237967788        48537.3422872628        52064.0259089963     
   69482.2180185784        48610.0915680816        52106.8708792162     
   69559.3866429756        48670.8404235440        52164.1187565513     
   69678.1727449696        48700.6791554739        52195.6002117446     
   69800.3958239220        48707.8134667028        52230.5146796212     
   69858.2678148959        48766.1122506367        52313.8594830668     
   69981.7266333191        48781.9562560682        52376.1578064334     
   70067.1206049658        48879.2507032777        52388.9103322568     
   70106.4829651966        48942.0615473032        52448.6779136511     
   70144.9471960904        49015.5389257985        52493.3231124616     
   70228.7363521928        49066.6604063628        52522.4343844715     
   70275.3924986859        49182.2343161152        52559.5071958633     
   70303.0519368645        49298.5962531384        52616.8367720560     
   70370.3281786941        49352.4454818512        52677.6400734056     
   70459.3573715574        49366.3949175691        52776.4638669952     
   70521.8014578927        49452.0648448636        52800.8180853297     
   70603.9041156401        49484.6818741441        52856.4702814709     
   70630.8995202138        49575.4651173938        52937.4728836288     
   70692.4308981068        49606.1116749322        53026.1012931217     
   70736.2669811456        49712.1651749781        53076.8283540332     
   70802.2291493915        49767.4237215287        53150.2395601282     
   70819.8651184954        49856.1422354697        53232.1437581919     
   70867.0056381554        49907.8980686583        53308.8166801707     
   70875.3405366669        50021.2015077175        53327.7277282285     
   70974.3723560934        50038.5583831299        53406.8431198619     
   70998.5029381047        50145.0607978620        53439.1042420145     
   71097.6948110242        50169.0895419135        53502.0116212897     
   71111.5217114749        50279.6149940732        53576.5294311179     
   71128.4082849129        50344.1917912722        53679.4026725629     
   71178.7825496095        50373.7895397774        53760.1938268375     
   71211.0240432120        50416.8064699189        53827.2172350352     
   71237.9327342661        50495.0654068009        53921.4567314984     
   71252.0117173948        50539.4765774671        54047.7082193665     
   71291.9704347235        50611.8698601633        54133.2292424519     
   71329.5034266269        50639.5960922024        54231.0413376488     
   71352.8720378044        50718.3883641669        54302.1440836973     
   71361.4133097038        50827.8750099490        54368.7138797622     
   71433.2711293700        50882.7031672025        54404.7885081330     
   71458.2135300201        50899.0141131671        54514.8687292290     
   71515.6852491871        50945.2261243691        54627.9152790832     
   71615.2652517019        51010.4534769031        54676.8007971802     
   71627.1353702105        51100.3350048622        54792.0054772827     
   71719.2647671259        51190.8935128153        54823.7162073143     
   71750.4494175574        51279.6132251048        54931.7309064737     
   71848.1875418367        51342.4000207247        54993.1754969976     
   71895.3266799694        51419.4099150432        55087.2254163060     
   71980.7542669846        51506.6907059894        55129.9307702881     
   72091.7732391648        51552.5471596047        55197.3358526327     
   72209.2138845209        51643.1000020423        55211.8612291478     
   72312.3525248900        51680.9689492978        55288.6925904459     
   72374.0609101008        51789.1871436657        55324.8721500734     
   72475.1557938569        51842.0036197412        55389.6421781976     
   72574.6484291492        51909.6725954831        55442.1221485845     
   72662.2611706858        51978.3195319288        55492.5891408272     
   72729.8110525281        52096.2809309976        55516.4380977704     
   72800.6344929697        52168.6445141362        55580.9403032699     
   72819.8077673647        52257.4544291996        55677.4528628379     
   72892.4992488432        52353.1504462286        55717.3698541662     
   72912.4541861260        52451.2652936518        55815.1403010088     
   72975.1011310556        52569.2407401743        55833.9049242408     
   73035.2593145092        52664.4715510110        55908.0625471961     
   73118.6268746548        52755.9300544400        55944.0447074677     
   73168.1361850197        52838.8669608500        56038.6669965324     
   73286.6996003951        52937.9224534276        56040.1391796866     
   73374.0757281895        53026.9460659772        56074.3069551015     
   73484.8237227380        53124.3499907671        56094.0833704468     
   73602.5596541325        53173.7927016016        56144.6645318807     
   73706.2963554192        53261.1855264462        56174.4512354521     
   73802.6837037021        53299.0683245235        56261.1000065838     
   73881.5619562357        53376.2042347536        56317.7958428299     
   73935.8350494557        53453.8989828513        56393.7898941529     
   74044.4707987123        53503.3472169775        56460.9260636390     
   74073.3521109367        53598.3300165420        56550.0042882422     
   74189.8065332040        53618.8797322695        56630.6153373852     
   74257.1545235739        53715.5574462125        56668.2919455527     
   74294.7754973749        53784.6132169439        56780.3057530654     
   74306.2656684359        53908.5204162069        56866.3603334698     
   74329.2255924488        54010.8057803023        56968.2770039962     
   74348.5460731436        54089.4156811914        57087.0393839617     
   74360.3897324745        54164.3035533889        57218.5290370563     
   74397.4665399674        54241.6927531389        57332.4568709063     
   74427.2860717359        54343.0318483738        57421.5184940237     
   74496.4984043920        54418.0074986828        57512.4670533363     
   74535.8929216927        54492.9075161653        57602.3117494219     
   74591.7641711112        54550.6464314905        57708.4045715228     
   74703.0845236348        54630.4758824591        57725.4038978426     
   74772.3420251075        54692.3805386398        57821.1126909189     
   74884.2964204184        54776.7082361975        57839.8797441390     
   75030.7599325527        54813.4350339080        57867.3292022774     
   75083.1660221762        54866.5066360141        57976.2268057522     
   75207.8479537105        54948.7075110437        57990.6808967976     
   75279.1149189298        54960.6618591283        58127.9952892041     
   75365.2699891783        55081.7053443672        58136.8424552064     
   75464.4174135949        55106.8604419696        58240.1384673154     
   75575.5694620451        55179.5868007854        58274.7823028655     
   75639.8223247702        55249.2229568837        58352.7187620204     
   75679.1725598037        55337.1437257913        58423.2043348650     
   75771.7220432063        55410.2425647910        58480.2395905379     
   75802.0386157901        55497.9327138543        58587.7134877845     
   75900.9099211912        55554.7816896192        58639.6976658991     
   75913.0995036459        55642.5857573732        58770.1038389186     
   75969.0021624142        55760.1606707133        58799.1265345983     
   75980.0603828543        55867.2512778145        58888.3039090244     
   76101.8826324262        55943.4943846001        58891.9128464248     
   76108.0433496891        56047.4050109906        59008.7826848692     
   76222.5944013213        56091.1413574522        59061.8406094268     
   76256.0886475295        56182.9911239174        59139.8723696063     
   76378.5136066710        56263.9412790988        59151.0689508603     
   76399.1060270871        56372.1540927453        59228.2936814498     
   76492.4515274484        56470.8690135833        59246.5691728732     
   76545.6521754467        56587.4855557932        59292.6868102838     
   76601.2031110063        56675.8241389352        59365.7108393640     
   76660.1791515011        56763.9140373541        59424.1336933570     
   76760.0375077694        56800.2497451967        59514.7637584671     
   76840.3077353175        56866.6285236581        59578.8706381832     
   76924.5841257201        56892.5190038259        59676.0885285514     
   76984.6746664885        56935.4860075962        59798.7808252342     
   77077.8815274579        56945.2891826734        59917.0193890971     
   77127.1706352239        57016.4011695480        59997.6702064602     
   77246.4355616370        57024.6874448126        60076.2096594383     
   77287.4980807885        57136.7870605913        60142.7933716570     
   77378.1061922265        57152.2156466323        60245.6027472839     
   77445.3352160677        57203.0072847582        60346.2583126581     
   77536.1661150310        57250.8566842218        60433.1703354596     
   77627.1889117908        57340.9463031598        60480.8138976173     
   77742.0355599448        57386.2065995951        60543.3604085399     
   77826.6798531565        57442.7980537197        60624.5168806644     
   77896.7416883641        57502.9688967849        60720.0406445312     
   78018.6178874456        57550.6426965049        60758.0606884808     
   78106.2602700258        57607.0047013805        60827.5468322016     
   78192.0077334671        57663.2826114127        60912.4669193649     
   78296.4598294456        57718.7465258209        60962.5526836376     
   78380.9847594552        57775.3854503192        61032.2805965031     
   78456.8599204310        57899.1080222092        61054.8750560634     
   78544.7859088741        57992.1526562376        61104.3299809256     
   78639.1399780996        58082.5881899949        61113.3024614666     
   78666.0343486859        58203.7077751610        61182.0337048405     
   78746.4262234741        58265.4547180528        61237.9595268628     
   78805.2898283978        58327.7036698836        61345.5803089102     
   3204.23060806504        2396.31452020400        2515.74206057727     
   3253.05726558627        2456.34619204485        2571.44860377012     
   3308.42089867573        2513.51226731049        2635.41717489912     
   3357.85327208189        2575.36357187338        2696.33596023307     
   3419.00898053057        2634.38788186899        2750.12208174863     
   3475.46826407507        2689.69561818607        2804.58314190356     
   3533.37383489726        2749.72088384539        2862.78690629470     
   3595.25256814883        2803.43035123003        2921.91496426489     
   3649.15951249755        2864.54181440355        2976.39315089751     
   3705.31681709172        2915.77919838601        3041.97336711993     
   3763.12323421198        2972.95830868518        3104.51441361447     
   3821.49136346649        3026.06203337418        3166.32504947099     
   3878.33087530482        3087.04810615304        3218.24045360803     
   3936.31128637992        3137.08943176164        3278.64003228068     
   3997.72260520683        3203.99129201890        3334.03178032204     
   4056.85677139463        3258.54663876053        3392.99192396036     
   4117.26326250264        3312.10248815037        3450.80423566354     
   4186.82453786793        3369.45166078686        3503.65084631153     
   4239.24030293663        3431.41545069183        3563.58037194561     
   4296.72677785734        3486.44357471394        3620.94000103009     
   4357.35217797595        3543.83427924249        3678.15939656629     
   4425.03758514166        3597.41142050650        3731.82814527060     
   4484.27267068783        3651.18636922988        3783.29322613251     
   4536.07573389337        3718.21322094623        3843.12861910761     
   4593.15607603549        3773.08278960375        3905.59155090339     
   4646.55744751105        3831.19613146489        3960.57297410697     
   4703.43846368572        3889.94660821081        4024.97817969658     
   4763.21490310207        3955.06741877341        4076.16320399344     
   4813.32824651520        4010.70362311027        4135.83308845743     
   4873.11169752667        4063.29858718860        4191.13025990121     
   4922.83548779308        4122.77815481956        4245.62120820810     
   4980.30285327169        4180.19333361221        4307.46642725500     
   5033.77240191694        4244.37232849948        4364.99020956051     
   5097.50877797150        4304.08239533020        4419.20807982069     
   5152.53451746589        4358.78033164963        4475.74845780629     
   5213.04332766116        4410.75509883935        4532.93989058524     
   5271.68902339348        4472.89605559028        4593.31572471314     
   5323.73155027492        4534.15904549476        4654.82620057735     
   5381.32074268459        4594.77056999689        4708.65531062217     
   5434.68990570965        4655.11468410983        4768.67176671795     
   5488.73536531058        4712.11309213121        4830.98663589836     
   5551.35793096406        4767.61612953377        4885.17740038652     
   5600.01693147726        4828.15826179438        4950.33014367251     
   5663.18814823333        4886.20851602327        5004.83970870670     
   5724.23455843784        4937.51657076001        5066.33287193528     
   5780.96587110956        5000.90690281444        5120.83906441292     
   5835.40496037289        5051.40846273712        5177.74338731787     
   5889.30986343981        5107.34439351543        5232.85110861138     
   5947.09867073651        5167.77909027104        5297.66335347806     
   6003.54445400536        5222.26030579971        5367.68790632664     
   6071.44296159792        5280.46367309501        5419.65072322982     
   6130.31991483184        5333.19965822258        5482.79976971171     
   6180.49521775610        5393.83384207522        5545.41087201856     
   6230.00515021707        5459.17991603975        5606.21344970976     
   6292.30195516130        5513.34595266561        5664.60967119237     
   6345.00877509003        5572.02756519455        5722.76305503094     
   6406.68271074154        5631.28139890581        5773.86056326173     
   6468.87512211494        5691.45484549969        5825.80454094257     
   6525.15709790685        5748.36151464120        5877.22441480356     
   6579.44881836565        5807.26347195978        5939.79161063554     
   6634.92943465230        5870.37397259806        5995.88773385476     
   6682.63327096019        5933.03229575120        6050.46106098534     
   6742.51493180371        5982.14073861631        6109.06487200068     
   6807.66401632154        6041.53142207606        6158.66602688419     
   6852.97515306186        6107.18204924437        6211.81515547539     
   6917.10648924412        6165.98055928839        6267.97714109160     
   6977.43338178017        6219.66112083496        6325.23444539344     
   7036.21780463767        6276.70731868499        6383.61623746632     
   7093.10471746422        6330.10421388293        6447.36815749883     
   7150.79616817333        6384.44534138050        6513.40235388219     
   7200.17412532969        6448.03396983692        6580.55295809190     
   7258.66424074014        6509.71626381885        6630.36183653215     
   7311.79565122705        6568.44907191110        6692.62205757746     
   7358.26029915463        6627.35957842195        6753.53095879655     
   7419.08900111256        6682.23358102265        6812.61911477568     
   7478.82547458386        6744.56797605559        6869.05955450193     
   7543.47603139536        6797.80435670206        6929.14220630276     
   7600.42794334156        6855.52133225782        6994.25682835643     
   7656.44462199659        6913.72202472311        7056.23345137504     
   7716.01340443646        6968.31105971751        7115.13260578371     
   7768.74246121492        7029.33021398944        7169.00562224179     
   7820.42377333035        7086.61936074836        7227.40839778529     
   7876.53783040465        7143.99531659999        7286.17470648317     
   7937.99001954066        7203.61410145303        7345.71564281962     
   7991.88091082282        7269.38831308191        7405.01921303571     
   8047.45847671318        7320.29308928317        7466.61724991223     
   8104.63971657138        7377.85293128289        7526.21680520683     
   8159.82799946571        7438.63856348038        7585.52564936521     
   8216.88836556554        7492.99222718961        7645.90235866034     
   8281.70229060147        7552.89876962558        7699.65452980764     
   8346.45683370486        7612.99873470819        7748.75953253520     
   8402.60601553619        7670.42444554087        7806.08709387759     
   8461.83314775983        7730.98967962180        7869.54847817644     
   8514.39116316451        7792.73457616547        7924.37507497299     
   8575.27112739030        7840.63317996572        7987.51453584319     
   8634.99728846126        7896.61234420578        8039.68358959392     
   8689.64091131154        7958.19042915347        8098.09708733680     
   8756.48378505912        8018.14125564157        8149.99565598443     
   8816.08325666903        8076.75996470477        8204.50218540025     
   8863.81497050588        8143.21717087000        8266.35653800109     
